-213.25
-14.33
-166.85
111.52
375.02
-141.51
-821.87
24.87
-144.87
768.32
60.63
16.33
-132.15
-201.05
2332.4
571.54
223.25
48.13
353.72
-66.78
41.31
-45.75
1207.91
16.1
221.59
2176.19
1912.92
-191.09
-156.47
301.31
-9.82
-21.09
-172.4
883.29
-30.42
-107.37
1.61
1269.05
-9.05
768.06
11.82
-15.42
-104.82
1462.72
-143.7
2861.01
87.51
3392.88
-7.73
-32.82
42.5
-895.24
-506.43
-21.73
-12.88
-100.15
130.8
-31.45
-818.77
-1142.2
39.64
5322.14
-318.45
-41.7
-582.43
145.48
-36.6
-21.29
-37.39
-128.69
931.7
-10.77
1068.48
795.05
-74.64
-29.56
-103.77
-80.41
-58.87
142.98
30.17
2154.33
-54.36
-118.54
-129.01
2963.48
-11.39
-49.81
344.61
322.66
-404.05
-207.36
315.16
-6.37
-25.31
-261.45
1260.51
251.58
0.13
641.4
29.73
-6.82
-88.64
-16.94
4.9
914.19
1409.87
-1274.02
-265.12
20.76
275.93
-304.47
40.58
595.38
-7.15
232.78
68.9
-31.99
134.72
-193.44
17.7
144.66
3909.33
-28.16
40.92
-10.95
-42.37
3.9
502.49
30.76
-316.32
10.73
-43.1
165.33
226.72
-42.96
8504.47
-26.78
-56.71
169.89
-219.61
-34.43
-286.2
-158.93
-21.66
674.46
-6.72
75.63
55.82
-89.88
-56.15
168.76
-96.7
-237.54
29.68
5.25
-1284.24
-391.92
201.03
47.42
8.42
-178.82
49.67
-50.67
-20.79
-116.76
-160.95
1749.78
-49.53
-2.64
-19.26
371.28
-508.87
-150.26
-54.25
486.9
361.82
-30.06
-209.61
1160.58
9.82
187.15
-43.74
9.95
-382.57
257.31
-64.41
598.24
3064.51
858.58
-240.83
-149.41
-588.9
51.44
-192.56
5.77
-44.79
-47.69
-425.14
214.23
-83.55
-44.13
12.32
-626.04
-226.51
-12.13
28.7
192.29
-13.95
12.73
-36.24
104.22
50.04
-132.93
-119.08
107.02
-1561.72
1252.48
91.73
118.32
-124.42
-47.83
-686.01
129.87
-75.39
51.85
43.35
256.57
-45.21
341.53
473.36
-168.38
-223.21
3.96
134.85
548.92
-812.25
114.46
545.49
23.14
-1255.86
-60.17
-31.01
98.44
0.82
-305.98
-277.29
-83.75
421.15
-16.07
39
-26.99
9097.65
-214.53
237.14
-208.02
-5.6
-5.57
-36.47
-79.42
161.48
749.22
-2.21
-337.92
220.91
-5.54
482.45
1882.2
435.95
8157.7
775.88
-1059.2
2374.73
-12.77
1669.38
-386.02
412.63
-800.25
-2561.32
373.67
-6.2
-305.32
1.35
-11.94
6.6
-21.48
539.54
-96.03
-115.08
771.83
-27.99
-9.35
-147.51
-40.98
-553.06
4264.82
-471.26
-103.63
3122.78
1090.43
-167.06
670.96
-74.77
745.45
7513.88
1
2786.35
2366.51
-932.55
-478.22
-310.24
-237.87
-9.13
565.18
-38.72
-152.47
181.98
1.16
-24.91
-126.34
-6.33
-14.23
20.44
253.14
-345.92
80.07
-18.72
-221.5
206.35
32.5
-3687.65
-221.56
-21.51
948.79
-233.56
59.4
-1046.78
531.69
216.43
112.97
-74.85
-849.18
40.76
-29.9
58.84
372.36
187.2
627.85
8.4
-64.87
309.31
206.27
-1.79
2028.36
-121.58
-474.91
364.99
-4.72
678.26
39.36
-31.16
-1.56
180.8
-33.52
-12.95
470.3
105.91
62.46
289.88
155.72
-35.04
149.53
32.19
-93.3
699.64
1907.94
-663.51
2819.96
-90.9
-3381.99
73.53
286.4
-14.03
-12.14
22.21
7.17
-10.21
14.61
33.81
271.5
323.73
-74.51
-1414.41
231.46
5.72
-503.8
-29.6
-56.22
6.02
336.47
5.03
25.16
137.67
-1799.35
950.68
63.78
41.3
8.06
-20.9
575.38
77.48
1085.93
751.58
-157.56
-29.54
-5.41
-168.67
-202.31
42.45
35.33
58.17
54.21
-70.31
2.01
-136.55
704.89
-127
74.07
-67.49
-169.23
389.07
162.11
165.35
-30.11
720.45
-28.97
67.01
-931.25
29.8
77.38
-2136.66
-237.47
-2946.05
387.2
-684.78
-522.59
2311.96
991.26
-37.03
-0.71
-44.54
-24.03
285.11
-118.82
120.05
-117.39
217.87
1055.47
31.74
100.8
-101.19
9.29
-237.62
-54.08
6.41
-183.68
13.44
6.67
-9.19
-11.02
238.52
846.95
51.47
-9.45
-117.86
-72.46
-684.07
782.91
-55.13
194.32
206.86
-9.28
-181.01
10.94
700.31
15.74
-100.49
147.46
-17.95
46.51
-159.74
58.23
-17.45
-3404.24
-53.69
-157.76
-1.84
-26.49
708.76
149.45
4875.89
-320.3
-41.32
-3.06
4.45
-760.98
-12.82
-105.33
1.98
-134.97
37.33
359.83
92.81
-46.35
-135.98
299.88
1240.25
377.81
-212.51
-1183.69
-194.97
-101.85
415.85
-668.19
-492.77
207.18
-86.99
-533.23
-48.57
-1508.46
13.29
-28.29
-69.87
-135.74
-6.96
2872.88
54.63
-12.72
119.25
-4.06
-1003.58
-127.23
157.89
-68.76
-58.18
-205.38
-89.13
19.36
-51.72
-2.73
1481.67
-27.49
23.94
1881.58
75.61
-125.16
376.52
183.28
-21.89
364.03
176.09
71.04
-102.02
7.77
1.27
-42.38
-3461.12
-384.6
1908.45
894.06
-207.28
1653.96
-102.74
29.67
28.76
7434.48
67.61
-120.99
23.53
-108.55
-358.43
314.84
-192.51
-83.16
142.51
-407.85
-76.99
598.2
-154.24
12.88
-179.36
33.18
50.24
2017.64
492.24
-117.92
48.54
-2.03
-484.64
-128.69
93.8
-2816.34
2998.88
219.85
1398.03
-16.11
21.46
50.44
588.54
24.61
-26.39
29.76
-541.87
452.49
-15.53
196.08
-132.53
567.59
-28.45
32.69
653.06
547.48
3.92
5455.96
-158.87
24.53
2357.86
-15.3
230.69
4.16
143.87
-22.21
-82.64
-248.69
126.07
-97.28
78.89
-1.56
61.51
-6.23
652.19
1361.56
265.39
-255.22
8.27
592.22
41.56
-80.83
31.59
243.16
12.31
101.82
8.6
-17.79
-7.58
4456.25
7.95
1077.92
-514.32
-35.99
-6474.65
-177.03
-55.94
-4.43
-11.39
-159.68
2.06
27.91
148.2
-98.15
46.61
-250.17
-65.42
-131.82
-34.12
38.11
189.77
-14.52
336.25
-244.63
-0.94
-1.42
-105.72
-10.29
-30.27
15.73
-37.3
-51.42
-46.75
-91.65
-292.65
-188.02
-25.13
-45.99
-150.74
-46.12
18.02
-92.58
1653.97
199.3
38.06
117.91
25.96
1416.27
6523.26
118.15
474.66
-228.24
-56.78
989.95
-42.05
1465.87
28.39
-35.17
158.91
12.63
-148.93
11.65
-96.25
471.35
14.13
-183.26
440.72
18.23
-133.31
-219.93
-54.57
10.04
-89.02
16.65
772.04
-0.11
-522.94
562.13
10951.31
-41.58
-212.55
-50.02
-74.45
-44.21
89.29
-98.23
-160.21
-30.27
365.79
-4.46
-18.19
618.36
-113.06
20
-13.25
211.09
5.88
-281.76
-33.11
1385.35
172.33
-31.45
-641.09
-4.73
-28.53
287.74
-929.68
-53.78
-0.98
1049.02
-310.95
135.68
304.42
10.31
-41.82
-7.22
1886.41
-904.73
120.01
-82.09
13.41
5.3
310.22
-53.08
-14.35
-188.77
-178.77
2080.48
-9.78
-12.58
223.44
-159.86
75.01
8.4
1939.11
30.29
12.76
-58.33
73.57
-10.37
9.18
48.25
748.2
2267.22
1836.46
-4.36
0.35
-23.86
-46.25
-122.62
-25.22
-92.55
-0.53
875.55
168.22
-161
51.43
-22.59
-94.73
-120.85
-190.41
-71.9
2245.24
-161.12
-1.82
25.88
-29.06
2753.39
51.14
-54.63
26.64
-24.15
174.89
-133.7
10.44
-121.75
4.21
29.85
-31.33
773.36
-149.46
1019.7
-72.91
-481.04
53.13
72.51
1708.84
-186.13
-208.43
44.59
151.86
1.19
617.4
25.67
-67.19
173.89
54.62
-76.86
-94.76
829.65
21.73
-69.53
21.07
-109.91
206.56
-38.9
-24.96
-61.88
562.91
-609.09
-30.54
830.75
230.3
-0.06
-31.62
-9.18
-37.5
93.23
-73.42
1162.76
2593.14
1054.93
23.82
-27.39
-167.92
14.48
-52.7
1.73
45.76
-68.49
-112.24
20.82
310.57
655.91
7416.43
165.9
437.61
78.45
-138.54
-43.18
99.88
-22.82
-352.24
3.35
1034.54
9791.04
54.92
261.52
-14.22
1068.16
-255.2
10.2
-72.06
1081.65
3793.7
-44.69
957.29
-446.31
-71.09
366.51
-2.34
-13.72
-35.51
12.4
74.51
-133.06
-25.21
-396.84
-190.78
-106.76
-29.02
135.79
589.2
-38.89
52.36
1382.45
11.72
3829.63
29.98
-121.2
-28.68
14.19
103.38
911.66
286.12
1541.25
1343.21
8291.08
743.59
44.15
-1181.71
43.35
44.59
-79.72
-172.35
29.17
-48.97
-32.78
39.52
2019.19
-572.49
658.88
637.6
1470.3
-11.68
-92.96
-212.33
320.37
-172.55
-48.97
-1153.9
29.42
-10.9
-23.48
52.48
14
-52.48
-678.63
40.32
-162.37
149.82
902.62
-22.16
290.31
-157.18
36.62
2.53
-60.13
-752.83
98.75
-3476.86
7.27
170.9
-12.26
-2.55
2137.28
78.05
-35.75
411.1
25.03
7.74
1369.09
-11.8
128.99
-245.62
1057.89
417.47
1545.09
-149.93
-2024.08
49.26
650.3
20.29
-66.16
17.99
-50.82
-177.17
-971.36
-39.23
515.83
56.3
295.6
107.38
-155.21
-188.13
-76.02
8.33
-11053.6
-6.15
524.09
361.65
-96.59
0.77
-432.54
-210.78
921.41
-3465.07
-373.09
-98.3
636.18
-279.44
-53.33
44.14
-37.6
327.9
23.97
-16.59
383.45
-80.11
739.48
-13.95
135.65
886.03
-88.32
-52.55
36.23
290.2
444.15
865.02
-45.3
-42.49
-264.94
-52.54
660.63
66.17
-5.02
123.5
1665.23
21.77
501.59
15.84
59.92
-120.95
-154.31
-1148.19
-44.66
-0.95
-1072.97
326.39
-322.95
-1.63
-231.6
-1119.64
117.38
5.03
531.47
241.08
313.58
-35.34
40.61
591.91
-38.38
107.32
-69.34
-148.87
1046.69
320.1
319.64
99.79
73.33
399.93
-8.15
-53.75
-87.52
-1348.5
-1609.92
39.98
10.56
-203.9
-3.86
-10.24
1200.21
1459.79
7.07
8.07
18.21
-53.18
5034.15
671.95
-27.79
19.87
-30.27
-2595.65
-59.12
-81.96
339.17
1951.3
752.87
-46.43
426.44
10.01
-259.02
-1890.33
1006.72
229.22
1432.86
-116.37
-4.86
51.9
-197.88
296.06
2574.12
-69.78
-71.25
32.47
11.38
711.74
73.45
-15.09
22.8
1418.36
-1987.49
49.85
1049.45
-1363.12
-18.45
60.27
-263.09
-250.55
-60.73
-28.44
121.48
-351.3
-139.27
-232.8
1031.32
788.79
-80.75
829.73
75.21
-452.39
-129.63
176.67
3.86
25.53
-458.74
-0.85
-94.59
-190.57
-123.07
67.11
81.91
168.24
753.61
152.79
137.59
326.25
-2.06
2.98
-49.38
-4.17
2.12
-113.32
593.59
75.3
-1036.92
59.47
57.55
84.1
14.85
342.41
-86.34
-92.29
-14.69
2.73
10.59
-219.92
940.57
457.81
26.92
-65.18
-120.48
-888.07
323.32
-522.78
-39.27
104.09
352.64
-23.17
687.41
1222.14
755.95
-396.17
-3755.03
-16.92
111.59
-8.88
-5.41
246.54
-110.4
-60.72
-7.78
5183.04
-33.34
28.99
4.08
-15.6
-17.08
639.66
1366.57
-35.98
344.95
148.3
-167.83
-29.36
-18.66
185.32
-14.03
-10.85
-93.43
-163.13
-51.2
-362.11
153.5
-33.31
-134.3
-103.21
-42.99
390.86
230.02
-161.57
3128.69
321.25
84.3
221.6
69.97
-18.64
-18.31
33.88
297.79
337.29
-59.2
-57.11
-40.72
-1.99
-25.88
-616.81
151.24
-180.26
33.47
-12.59
24.59
1929.58
1585.5
268.53
-112.54
108.01
7251.92
294.43
-29.62
-1128.66
-30.97
221.63
474.89
-59.18
-152.13
-6.85
19.86
1144.63
-58.81
43.77
39.5
212.2
-44.86
-58.76
70.48
175.82
-211.54
-127.39
-63.81
325.29
44.8
-21.82
160.68
-14.03
215.11
163.63
724.14
-10.33
-4.36
22.46
573.06
764.95
113.63
-10.25
350.62
-34.59
36.23
-89.56
-62.77
-926.33
-10.7
-5.77
81.71
273.27
-60.61
-30.69
559.59
5065.51
485.95
-614.37
1902.99
-70.31
-4.72
-549.27
-100.61
-7.71
0.43
105.37
-107.51
46.01
740.48
-36.77
87.03
124.83
-4.19
34.48
-254.36
1462.42
1123.79
185.37
4963.89
-479.08
74.01
5.5
122.43
52.02
-57.09
101.14
-380.2
118.4
-56.35
-17.2
190.6
199.25
-21.4
1726.66
-222.82
63.83
-133.71
-82.35
904.83
-11.28
-93.73
2574.36
107.51
-71.96
269.6
-144.2
352.96
-62.6
26.24
8.78
3497.45
841.73
457.03
1704
267.1
9.53
100.5
-76.88
5.34
-42.45
-218.77
1215.44
-21.9
140.22
161.72
0.37
-48.22
-1.95
-170.18
-9.68
-110.16
183.24
-5.05
-2.39
-44.07
234.03
-0.5
-32.7
254.58
-2.85
-56.51
355
1336.96
-12.19
1.72
-468.64
-100.51
-33.34
-201.28
31.94
11.39
117.23
27.64
331.29
311.09
-229.79
50.16
518.81
-75.13
-17.75
1374.95
2033.5
-147.72
-56.63
-123.01
-10.26
-171.41
-12.03
-72.81
-82.54
-23.69
-172.88
-12.95
524.73
-536.17
-252.01
1193.11
135.26
-563.86
518.48
1232.79
-68.16
82.6
-154.66
175.97
283.14
270.29
71.31
-865.98
57.25
-276.95
1489.8
-4.68
174.61
-127.56
7.25
494.63
-7.08
-231.95
-690.21
-69.05
-106.54
47.28
850.54
296.87
619.71
0.21
219.02
282.18
-13.72
-122.09
-1.73
-25.98
-116.05
217.57
-394.69
-155.53
-35.96
564.07
-37.43
-96.34
269.94
-64.24
1118.17
25.79
26.21
32.5
-32.13
129.81
-469.84
2816.21
44.54
220.07
-23.61
863.57
-220.3
23.34
119.89
440.48
-309.43
-320.7
276.98
-281.67
-8.37
2509.52
97.36
-51.25
2.76
-192.49
22.85
98.86
-21.19
1640.3
1894.14
163.8
1166.93
2464.75
-173.36
61.27
13.38
1097.25
-52.25
-114.91
1053.21
458.62
278.58
297.11
43.87
-201.6
443.52
-57.64
-27.83
721.81
-12.75
-767.51
1096.64
-60.15
65.41
-111.72
-377.81
149.31
286.7
35.31
-33.15
-39.22
5.71
232.99
-99.24
601.34
1.74
-139.16
-1358.9
-144.55
-46.89
-46.98
-335.24
667.45
16.9
20.14
-16.37
-64.24
-46.92
-92.11
-88.95
-38.07
233.8
-105.14
-735.97
-9.14
1342.93
33.46
-6.39
537.4
1116.67
149.39
23.5
783.84
55.06
-59.97
-393.96
972.19
122.42
78.98
-560.29
3.02
6.52
-310.21
3.46
-20.32
-226.45
-23.24
-62.2
5603.95
-449.53
1663.08
41.7
55.48
226.73
-86.52
15.77
14.43
-1.82
-4.21
-24.86
-121.44
490.28
-135.46
-88.7
-26.94
-63.38
1012.67
-133.62
24.85
96.34
25.16
-221.62
-95.92
-92.23
0.1
-1623.6
2925.37
324.47
-2342.01
-244.47
389.61
35.29
-106.77
89.56
23.37
836.51
-249.11
-36
-261.35
14.11
1312.34
-171.7
-104.47
-9.11
22.71
50.59
520.69
104.77
-62.97
187.57
-40.25
-37.8
-5.54
-3971.06
185.04
-163.58
554.95
-1754.39
134.75
38.23
215.31
-1144.67
29.27
717.7
9.85
-89.47
18.59
1379.76
1040.65
44.8
-60.04
-21.65
-23.83
-12.8
-69.29
-151.73
-151.93
-42.61
789.05
-2661.32
4.41
42.24
-76.88
-35.78
-28.67
5.76
-46.03
27.55
82.19
-82.81
20.01
-95.76
1817.76
-116.02
-10.22
-91.09
-125.29
2539.46
13.01
-517.47
24.95
-1096.78
116.8
-16.38
-165.95
-12.51
590.04
373.5
-31.73
47.56
4.39
182.53
447.12
310.59
-152.4
-743.45
370.23
3407.73
-1.84
18.41
65.63
321.67
822.4
5.08
184.07
2081.48
-33.4
253.5
39.91
15.25
-71
692.78
-190.49
-8.77
-56.12
544.04
-95.99
-33.19
236.61
231.49
274.98
-236.12
8918.74
5485.15
2.65
231.68
-52.62
24.6
6079.63
258.25
-688.44
860.22
-7.73
178.14
0.64
-524.03
-15.37
-314.22
54.46
21.5
-14.69
335.29
-31.67
-27.29
-297.02
-8.59
346.14
-1085.52
-167.42
-30.71
-106.4
-180.61
-41.26
-139.52
-23.35
597.16
13.87
61.51
57.1
-107.1
-130.66
2699.67
487.17
-459.86
-13.67
24.33
-42.61
-247.18
-67.59
-57.54
293.14
-6.61
763.33
-59.98
132.56
72.78
1292.44
-78.54
1193.19
600.93
-399.67
-12
15.36
33.99
-200.84
39.63
-99.55
-605.37
-5.26
4.9
8793.54
964.1
1275.67
-66.26
-1.78
-513.79
0.9
574.98
-15.92
162.18
4.06
-12.67
10.18
38.11
813.83
-15.9
-52.5
1.33
4.69
742.96
67.6
105.7
-4.9
302.12
-51.75
-76.34
5.58
18.42
28.61
-193.58
5.91
-16.54
17.31
-31.38
100.22
-119.92
215.43
-31.24
0.89
6907.61
76.59
106.45
310.19
-1
42.86
323.08
1719.47
-97.92
-7.41
-63.03
146.79
98.69
818.92
-942.5
47.65
56.73
-969.05
-5.14
329.68
-17.6
-62.33
-19.1
-75.31
-51.3
3982.22
-292.7
-108.8
-3.18
76.63
-29.29
-48.91
183.53
261.24
-311.23
-257.72
963.68
458.4
1041.29
-62.19
-85.58
78.89
282.32
21.47
-240.78
470.83
7.29
197.76
234.61
-261.55
320.07
33.59
589.38
-77.9
-19.77
-27.78
-245.09
239.94
-29.02
-185.89
-19.17
-1.25
507.58
95.16
-1.28
807.62
-187.29
332.3
-103.55
4031.62
-151.15
109.88
3160.63
-61.75
-319.02
259.47
-124.51
56.05
241.74
-72.23
-279.93
-181.27
801.72
-5.37
-69.84
-165.74
-6.04
583.75
-24.87
103.83
118.79
-129.86
-115.8
-164.59
3858.28
674.99
-547.61
-328.36
-121.39
355.93
11.02
61.09
20.57
32.75
-818.32
-268.87
-141.6
9.34
-132.63
-247.24
-112.44
50.83
52.27
665.63
1142.08
-151.42
152.75
-61.1
-19.52
-4.73
-174.94
-1042.71
171.07
-1.18
-37.2
-539.59
-279.93
-86.43
-17.68
-1748.34
234.68
-104.99
644.81
-95.31
28.14
95.91
-2.82
28.75
-27.31
369.46
15.42
1040.62
55.87
-165.54
-100.6
278.6
0.35
79.34
-337.98
3256.81
-32.65
455.42
807.29
-7.5
-168.72
-114.2
70.39
653.68
-449.04
-22.37
-120.05
5.56
-36.06
-12.25
-23.29
-7.04
371.4
2.37
840.55
82.49
-84.69
-76.89
122.29
-741.81
-25
-21.1
363
358.19
-43.48
-32.43
114.45
10.06
-147.72
-43.52
81.87
1925.58
-266.22
-235.56
-3.78
-19.74
-7.95
-270.57
18.96
-76.94
37.5
-124.72
-130.96
939.67
-31.14
900.06
-128.52
12.09
17.89
0.08
80.73
7.31
-130.61
1358.53
3146.22
20.12
-2.83
455.37
14
-42.72
-81.55
9.32
3.21
-42.23
-102.25
-93.83
192.88
-468.89
-54.34
60.79
20.06
-5.45
147.45
16.11
-2897.25
43.2
8788.81
453.03
-47.55
-165.48
329.28
-9611.91
-603.8
-55.11
-91.14
-284.4
23.48
-178.71
8249.86
94.97
-3.51
-20.25
1161.89
28.55
-377.25
4127.79
34.12
-328.18
-21.47
65.58
29.68
545.7
-36.84
57.78
166.93
-969.05
119.64
-768.14
-715.78
-282.61
5.53
30.61
-60.21
-108.13
-321.51
42.89
-136.7
-7.04
630.18
601.65
-65.02
315.49
-10.25
143.79
-500.46
467.72
2177.54
1300.8
49.79
528.77
-59.59
-89.23
21.68
-16.27
37.33
-169.74
87.66
-40.94
-283.94
-1.62
-62.97
-213.18
614.03
21.49
-20.68
41.41
44.37
-116.51
47.58
-433.29
-1764.29
-199.31
308.67
-71.59
-64.51
248.91
-16.15
772.11
-101.68
-0.12
-111.98
426.67
19.73
349.47
656.95
-352.96
87.6
-42.81
-4.09
-439.62
1280.19
227.67
-5.54
127.85
-5.2
11.65
64.53
-541.33
-137.49
-67.06
-7.94
368.87
-5.74
-28.34
1043.43
3.72
569.08
224.86
244.45
-2.06
620.07
-20.16
-1303.6
40.63
41.67
-996.67
35.92
-572.69
-41.22
204.7
812.32
-37.55
2.49
-1570.32
-528.65
1489.96
660.06
-19.97
-70.97
-13.59
336.26
35.5
71.03
286.87
54.23
-433.29
-241.63
36.98
-230.34
-15.27
221.18
-52.49
-362.04
-526.48
-219.2
45.54
-25.31
749.03
-44.14
-21.3
163.81
-335.32
45.39
11.94
-715.78
-52.21
239.4
55.3
-2.38
-71.11
-46.31
40.85
59.18
-85.76
-72.7
-427.47
47.3
-26.72
49.45
-119.32
-38.51
36.54
-27.08
73.89
-41.77
-1014.11
-10.22
499.27
-64.82
-17.68
-33.61
-868.88
-41.86
-32.48
-7.9
-70.02
483.66
-3074.27
-107.98
19.47
-30.48
-90.26
148.25
-606.6
-30.26
-255.65
-76.54
-11.85
-54.44
-14.58
-1231.87
56.26
-131.48
59.04
-969.05
146.24
433.59
22.84
-627.64
104.51
-55.61
-342.91
-354.13
-8.47
-774.14
213.2
575.1
-128.83
-246.32
1272.17
-149.84
-165.26
34.16
1101.9
106.53
10.79
-26.66
-433.29
-444.69
532.21
-523
299.35
245.88
-110.56
-75.44
3325.03
682.48
-46.03
-44.92
382.94
38.6
30.21
-774.89
-3.64
83.48
8022.94
1784.04
59.7
-5.62
-35.08
-43.24
-8.59
-72.3
3408.29
36.96
-156.41
-35.97
205.13
794.2
-240.31
-10.39
965.48
54.23
-34.85
607.26
-1008.73
-286.36
525.15
5.85
-27.15
-45.16
-1456.31
11.34
0.65
10.74
897.87
24.2
37.03
44.55
-75.17
290.66
-14.42
-112.12
-32.48
22.71
-159.21
844.82
-108.2
-176.91
-71.91
559.38
4276.73
2.72
42.39
483.67
399.12
-173.15
-1569.06
6.77
-2.23
-43.22
50.04
-83.47
547.04
448.24
4.26
6888.36
-36.76
-119.02
-555.98
-37.99
44.04
1844.96
108.21
-243.87
631.33
-95.64
1197.86
327.45
5353.19
19.36
1332.91
-436.23
-66.58
-5.04
-483.12
57.28
-72.4
1041.28
19.71
9.47
-41.98
174.72
-64.37
-116.66
807.38
-135.06
-56.17
-19.06
46.21
18.15
1515.7
73.18
-83.95
-13.13
180.64
-20.3
-2301.53
3187.37
-22.82
-8.67
-4.55
-142.91
-195.7
46.71
33.67
-5.92
58.32
143.23
-1620.41
-50.75
19.12
-26.73
-317.48
483.6
-57.89
-77.31
192.33
-257.11
1162.76
664.88
-47.88
-152.59
5.02
-505.98
-0.31
1601.64
-75.81
-16.39
1.91
83.51
2.12
-225.25
-500.35
9.94
-245.67
2023.75
-13.32
7.98
1680.92
-150.93
-22.28
-10.27
-209.58
366.18
-24.21
-2.55
519.55
-15.29
-850.71
-505.98
2852.94
2808.22
-86.2
-243.6
-7.96
-16.99
141.31
-3.38
18.28
254.31
140.33
-28.43
-7.06
14.15
-64.87
-16.38
57.89
15.34
-225.3
-83.3
-93.18
-71.83
-0.74
-86.73
33.5
379.28
130.04
-9.29
-9.3
-2.91
49.81
-36.89
-94.05
-45.89
86.6
-998.94
-172.34
133.45
-115.53
2821.41
-2.44
52.89
-93.5
-147.86
-43.71
6.79
-25.76
-144.27
538.52
-7.8
-51.28
-165.11
-99.16
-499.51
-6.72
18.76
847.06
146.8
-715.78
2164.64
-78.36
-3.93
2418.56
-313.13
-693.23
-152.76
134.25
42.68
138.33
68.96
-6.81
140.01
-78.96
51.82
17.25
666.01
-44.86
-180.17
-41.99
882.45
80.35
-21.06
-39.92
9224.1
-505.98
-413.33
-2531.48
-64.14
-37.94
439.78
-103.48
-222.77
-33.32
1662.92
592.53
232.8
381.17
-774.89
6463.34
193.12
33.37
549.84
-715.78
324.96
4914.24
-35.56
3.91
218.72
32.43
-19.06
-218.81
-722.23
29.96
-103.78
30.53
-56.62
19.83
95.06
-743.96
-39.5
-37.32
-524.74
-165.63
-270.57
-712.53
-17.18
481.74
33.68
-5.36
71.56
25.69
-632.16
-1262.44
608.9
165.46
-221.25
-0.9
112.06
12.71
809.97
-99.55
-8.7
-259.01
-1330.78
-340.48
-17.13
-4.44
1060.87
-62.13
-305.97
-55.54
-434.15
128.43
-599.54
-70.68
95
-7.25
-23.14
-119.16
447.34
-97.21
27.23
-2.81
-10.98
440.2
98.32
-83.54
-681.97
1185.41
-133.77
-114.68
-20.57
-139.66
235.4
-5.08
11.32
-36.78
-404.77
1656.46
1249.43
-107
2057.17
-89.25
-37.04
18.27
-8.97
-32.48
-171.92
252.66
-49.31
32.6
-56.68
-38.35
86.93
-59.82
-2.34
586.61
1314.39
-11.58
102.61
-2314.74
-4.2
-98.31
80.43
54.6
-117.92
70.51
116.96
-24.03
-63.76
1313.95
-15
8.95
11535.28
-552.1
1680.23
-119.84
8.66
195.48
53.58
48.63
-26.17
40.88
-4.28
138.46
-115.38
11.06
-1.09
-219.78
-98.05
-505.98
-29.4
116.37
8.47
-416.7
-34.91
124.99
1603.12
21.5
1480.15
-26.81
-7.61
-1.33
3.22
-82.26
1314.12
10.86
117.39
563.09
-27.44
2860.71
335.08
-269.8
459.5
8417.57
562.92
159.73
1279.37
154.65
51.21
239.25
-1401.17
-383.5
-7.36
-605.52
3992.52
-1975.26
439.26
33.99
-408.22
33.05
-43.43
-423.2
-774.89
-227.51
-1.72
22.54
168
-75.22
-20.87
34.29
448.07
8.75
-192.68
359.53
31.64
-146.24
-131.59
0.71
2113.95
66.97
108.96
80.73
-6.39
-155.95
-1.53
21.34
-115.1
-31.74
-557.95
-182.52
-88.94
6.37
-46.13
-254.14
30.03
-148.26
-513.79
-94.61
22.71
82.82
-577.48
253.61
-1766.01
-62.73
401.8
-379.22
632.98
-66.17
-30.7
1981.17
518.07
-28.09
-505.98
5365.43
-147.36
-194.85
-592.52
-1049.26
-135.51
-66.62
421.89
237.75
2752.11
-90.08
-1820
-28.2
23.41
406.37
74.58
519.25
160.48
-126.7
-315.33
-39.71
25.18
-281.22
171.3
35.65
389.67
11630.15
149.83
-219.38
-10.77
-35.2
-4.22
-19.48
-162.2
-5.16
5.69
1.05
-41.56
73.05
6670.41
707.17
-86.2
-1763.75
109.16
-112.44
5045.3
-362.88
368.79
5638.75
-127.94
80.13
-35.47
-22.63
202.87
-78.84
-14.06
-12.35
-188.41
202.33
-691.52
2373.24
-81.77
-118.75
-134.63
-12.16
-53.69
398.01
599.04
-229.87
-138.39
-861.3
35.98
196.21
31.32
12.74
-34.06
-1775.83
42.71
-89.9
2235.37
-75.7
-114.41
-85.01
-15.1
10.04
-200.86
17.57
-48.88
-228.18
94.39
1448.33
-1.02
-63.98
-42.98
65.49
-72.5
15.73
-159.25
318.25
-55.52
-34.09
97.19
-10.61
7.23
-123.28
-1331.55
-140.54
84.15
171.98
-211.06
186.42
-11.83
478.11
-236.27
822.89
42.27
-136.84
88.77
544.3
16.78
40.93
-131.16
3.23
-433.29
-45.64
204.49
-45.1
7.59
-107.99
1595.67
-375.33
108.49
62.73
-7.36
10.8
4833.27
-64.05
-1.23
-56.06
-107.5
280.64
-214.15
1841.92
-326.47
62.68
-333.69
278.89
-2.38
303.4
-18.25
165.45
1.68
154.54
-5.27
946.7
303.3
27.51
-106.21
1397.86
-31.86
-1981.55
-215.34
176.13
-2088.68
61.97
632.29
8.53
-10.09
-92.87
30.49
0.62
-352.79
2463.46
2.43
-12.82
-83.63
10.96
-24.86
-59.83
-162.75
37.85
5.54
273.61
-60.83
146.17
573.55
-531.92
-64.03
2795.36
23.74
-58.24
-1172.75
-222.17
1619.66
-969.05
33.58
43.68
-300.85
-89.9
35.62
298.48
-59.13
-18.55
-147.88
-53.25
2.13
66.71
840.46
149.5
185.94
173.94
4160.88
2155.41
-29.77
350.36
-42.35
-10.33
-94.27
-57.53
-10.38
-144.74
182.63
-140.48
-10.3
-48.07
-48.55
383.09
151.09
3.14
19.37
-44.39
-283.23
-64.88
-126.45
-44.13
0.86
80.44
232.44
140.35
269.26
1869.86
151.4
-37.27
-23.5
-153.2
-24.43
77.45
65.25
317.2
-3.96
-145.78
-21.85
-110.59
2.29
-80.11
6.22
46.84
-116.02
160.02
304.2
-2111.36
-123.94
-33.69
-335.32
583.15
-52.24
6279.18
-25.96
3.46
2.63
1016.97
-32.28
-1.59
-0.03
10.68
88.52
-684.57
-131.27
12.72
-52.14
-22.72
-679.04
1215.28
126.62
149.17
171.26
-715.78
19.59
-32.27
-229.67
-84.07
-65.62
422.8
144.05
259.07
-76.54
162.17
752.37
-24.09
-95.15
-100.05
-311.54
624.84
14.42
64.25
-388.52
-353.66
-433.29
-120.59
337.04
-31.95
6247.95
191
-24.48
1416.7
-3.44
-23.34
9.92
-88.25
-58.4
-558.42
158.98
748.67
25.13
-153.92
-56.97
-71.73
490.77
-54.61
333.72
-119.72
-59.85
-95.17
2969.81
-433.29
4842.37
25.21
-82.13
179.37
-398.11
-203.27
66.22
-23.53
-2149.8
240.41
-27.99
1049.54
310.51
-50.86
0.85
165.2
-949.09
-2.49
29.57
454.38
118.94
393.41
-27.98
-36.9
360.63
-3.05
290.77
-29.49
-12.08
-183.09
14.97
1081.62
83.84
-43.75
750.87
225.28
10.05
-486.12
-8.89
21.6
-55.11
-969.05
-73.22
-353.71
-144.76
155.69
-22.82
-96.22
-8.36
-372.49
-28.95
-10.01
-62.82
-25.26
454.49
2.82
-1331.55
5386.32
18.73
55.73
110.36
-331.08
-314.61
-4017.62
-407.26
-92.85
-256.93
1033.38
-99.98
-37.39
274.66
-3.19
1092.94
41.52
13.31
23.61
14.19
-528.65
-59.73
-16.64
-633.44
-232.99
-5.99
-234.66
1181.3
-25.86
-21.29
1343.25
16.4
1578.7
77.2
701.22
-133.43
-246.3
8822.28
7606
-9.88
-293.45
-85.03
0.26
-58.47
29.87
-6.62
-73.62
1864.66
-2.31
265.1
-330.14
-604.41
293.66
24.71
-84
-136.09
556.83
-46.89
16.97
-129.42
-679.04
-183.6
416.99
126.28
23.87
21.08
-162.54
-18.26
-9.18
356.35
-1.23
-55.77
140.57
302.86
1026.07
-17.75
561.13
4.56
843.12
-618.95
-1756.44
-84.14
-17.34
25.19
-73.77
23.16
3424.22
1765.48
-31.43
-21.13
-118.48
-29.59
6.44
-0.24
312.52
-96.95
13.21
16.14
111.05
319.1
1886.66
493.03
168.04
-364.87
57.82
22.77
608.74
9.5
173.93
-694.9
-30.92
162.83
1174.02
-122.21
-113.8
6.93
-98.53
-124.84
218.97
-63.78
54.23
-73.33
10.58
181.53
69.31
-546.98
11.65
2.42
2485.54
402.37
-30.63
-128.89
-49.53
23.7
0.98
103.16
-33.79
43.05
14.77
-43.26
-53.99
46.46
-29.07
16.51
-53.4
45.93
-83.65
-3.64
24.39
4.91
-27.72
-267.63
-33.67
-163.53
554.77
-71.6
251.2
-144.56
2547.3
-166.92
-1.22
21.62
333.18
404.29
517.82
26.05
-100.47
61.47
18.27
-8.4
-513.79
-12.83
20.27
-807.59
446.26
433.34
-6.8
-89.13
4822.42
47.1
-2.66
9527.47
41.53
-188.53
467.12
-3.95
-55.78
-56.56
24.34
-2.97
-22.9
374.19
804.2
-161.21
-116.18
-17.38
-50.96
-300.85
2307.57
-5.68
37.25
878.21
194.15
-627.64
322.88
166.37
-11.83
24.06
52.93
507.33
2745.87
504.71
-8.89
-30.07
226.53
12.64
-143.58
-157.51
1620.23
63.46
10.01
-143.66
-76.9
-331.63
-8.5
85.83
-4.75
-116.56
214.05
-794.94
-39.92
91.08
5711.96
161.37
647.25
-716.55
498.15
1550.88
-93.12
24.56
352.38
4938.78
88.88
16.65
1138.58
11.55
-77.09
-11.42
1660.92
-15.96
22.2
-1331.55
364.23
-37.06
-21.77
-52.84
-5.14
60.7
-33.09
44.12
-183.05
140.81
972.9
857.34
-137.95
-807.89
2349.29
150.72
19.42
3.13
1141.07
25.99
693.26
-82.79
-574.56
-93.06
370.33
170.46
-280.28
82.31
587.64
-249.33
-57.17
-1025.19
-120.97
730.51
-231.05
-185.17
82.38
2.38
-7.26
52.61
4801.82
-1331.55
376.21
226.76
-17.03
-2103.05
-693.23
-24.63
-71.48
-57.06
630.28
-2.79
-133.73
60.82
385.03
1928.66
-259.63
517.03
330.5
5.7
-42.17
-35.62
-7.02
14.49
5528.5
-81.49
7.69
7917.76
81.29
56.22
-27.57
-59.75
-911.56
-179.5
-144.68
52.35
-27.53
229.78
619.71
-152.52
-18.85
921.7
5050.1
-17.01
203.01
-13.32
1638.48
-355.94
64.81
-148.77
-3.75
-38.45
-36.46
13.46
508.96
805.43
-15.96
-470.85
1443.35
101.78
346.43
250.43
-24.2
-12.02
263.4
37.31
1861.35
703.8
-93.61
-17.49
3.96
-138.82
35.72
38.03
53.87
-145.72
110.34
57.63
11.93
67.6
-95.41
296.66
27.86
-158.61
-106.33
-148.87
1276.25
468.19
71.5
31.24
-111.89
-53.81
-51.3
-58.34
604.46
333.53
5.71
-1549.14
-29.98
-1248.58
-25.86
-305.91
0.9
-35.19
479.62
2.36
2763.13
195.71
-6.79
-10
-1143.15
92.46
-72.86
-63.53
-38.58
24.05
8.02
54.23
-192.92
-52.65
-24.44
-77.36
4.54
13.31
30.8
1077.13
9.82
334.53
-115
34.36
-488.31
-82.82
107.08
-785.36
-177.07
-10.59
27.38
761.04
-1.76
-25.43
-122.79
-343.47
-633.44
585.03
297.11
3.77
-4.7
232.58
-570.18
1.33
-1572.64
-39.64
-6.7
127.17
-111.8
1198.97
-180.2
-1129.96
-803.52
21.05
-364.87
-528.65
1197.05
64.14
134.21
-226.41
-505.76
-173.1
-96.16
10.51
-128.47
745.48
-168.75
1425.11
-7.39
-969.05
248.67
-2.07
-572.69
-7.84
6.04
-65.54
1184.68
-9.09
-627.64
834.96
81.77
-253.74
-148.4
-199.46
308.93
-89.75
-37.52
-32.52
8.6
-189.02
-175.15
-286.47
-175.26
-385
-139.84
21
-787.7
5626.42
-104.8
110.44
241.15
-28.81
-22.55
-178.29
-17.69
43.55
755.28
-309.48
-188.58
38.91
6.87
3083.98
7360.43
-633.44
-1615.59
731.72
840.05
-67.68
-22.33
204.74
-506.31
-45.43
3.32
-53.06
-113.77
3.27
-28.88
-103.28
-15.42
-102.3
170.9
-90.14
1765.54
-246.21
-224.35
3545.89
77.02
-969.05
84.34
11.23
-44.33
-1330.5
65.88
1.42
67.36
19.68
-6.53
7.34
-634.73
3857.57
11.65
-364.87
-49.66
33.99
-2172.14
-528.65
1059.08
311.58
828.27
54.78
752.96
485.02
-72.23
-1068.01
2372.08
-67.38
-728.18
-125.79
181.98
1.32
56.44
541.47
4407.44
1312.04
947.31
400.82
-17.03
484.15
10.96
969.86
-892.79
-42.97
346.54
-243.24
-6.73
-257.41
23.12
-236.6
-559.78
6.79
40.2
365.25
1759.34
-186.31
-53.62
-71.95
-43.03
-896.94
-1231.98
1383.32
11.65
-0.37
1413.52
56.39
-203.68
-101.66
-213.32
-90.3
-116.21
2787.59
52.74
36.78
22.88
71.55
-37.85
2593.14
420.05
1411.03
-54.47
33.47
-715.11
196.36
-1326.29
11.65
63.41
-189.55
172.94
18.75
258.01
54.6
-68.93
72.55
-119.31
-30.2
-0.74
-130.96
331.27
-14.38
5.55
328
56.88
-260.35
-4.45
244.13
13.91
-421.76
1620.23
-17.78
777.28
-2426.55
204.08
299.59
4.34
-71.05
-513.79
-40.76
-969.05
137.86
-39.07
2383.42
10.58
8.07
-6.38
-85.91
-10.19
24.3
-43.65
51.23
110.78
576.39
-90.07
176.63
-57.65
179.05
-61.59
48.88
-80.53
2008.71
28.08
1070.18
-15.03
-134.76
-564.06
-473.66
791.9
554.22
141.28
-375.64
115.54
-571.24
44.58
-1331.55
-22.88
574.16
-16.56
-50.21
-22.32
-16.95
-528.65
-165.6
-84.19
166.85
-60.4
-113.6
20.03
21.21
553.7
1027.63
-1.16
-123.81
226.72
542.16
326.56
-66.72
-258.8
-38.02
951.5
-22.18
-93.71
-1393.69
17.63
80.32
-204.65
158.18
-295.43
198.83
5.48
640.84
154.99
78.2
-44.08
1523.46
182.72
-112.92
16.65
432.98
-528.09
2271.68
-21.15
-381.04
-1.5
-81.86
325.88
872.13
10521.33
39.29
-6.78
45.31
96.95
2040.87
-433.49
168.54
-83.96
-31.55
-25.23
307.25
-120.09
9373.96
-104.96
-20.39
13.24
-973.3
-1461.65
-339.95
664.15
-3.66
-11769.17
-39.12
3302.03
-5572.39
-67.54
836.15
46.31
-20.49
424.64
-52.92
50.95
163.42
-40.76
569.08
27220.69
171.82
1623.7
832.62
77.68
-52.14
168.46
-115.3
-185.34
-175.47
235.51
-50.2
-71.03
701.66
-28.85
-71.09
-79.08
74.75
11.96
12.55
-93.16
122.78
-238.16
286.01
-104.25
1115.69
101.13
22.96
-69.27
-653.49
34.1
-49.64
77.04
-138.51
-5.35
106.93
26.36
-57.16
-202.58
126.81
105.69
-73.1
886.35
812.38
553.36
-237.6
496.43
-10.45
52.94
-73.38
-309.06
85.81
-8.42
584.15
-93.23
-145.33
-79.81
-76.53
-29.69
888.62
-7.08
-66.91
1127.31
-95.3
38.63
1228.89
-56.45
-29.21
-166.29
881.68
52.47
140.15
237.75
-125.99
-51.01
-1.44
143.08
-21.23
257.32
407.8
407.12
27.12
-92.07
1421.89
-1044.92
-56.05
-74.88
-556.18
180.88
167.18
-119.62
3857.43
-25.38
39.69
146.51
-150.9
-150.53
-168.48
-640.6
-30.4
-43.26
278.12
-533.44
122.54
13340.26
-397.53
126.95
728.49
69.63
-51.91
218.89
-48.55
-4.43
233.56
547.96
20.09
-205.29
817.98
98.34
4722.77
-76.58
-26.44
-824.91
-206.46
349.22
-136.45
-21.26
85.68
-61.9
-45.6
-32.3
-93.78
1590.95
1.85
-76.11
-59.06
-11.04
159.25
-218.53
-4.9
7.3
283.79
11.29
-37.19
408.73
-31.2
85.96
268.32
7497.55
-1701.96
1021.07
-16.63
265.87
33.77
-194.83
47.52
-22.56
-193.97
-66.48
673.77
-52.33
7.5
24.83
-75.09
-5.6
42.84
-50.6
-1179.39
659.6
-28.14
2608.72
3702
-113.05
-283.31
-104.43
-25.68
16.46
-593.15
-6.57
-91.48
1370.26
182.46
-67.6
171.59
-29.14
-56.91
-830.72
-382.98
104.33
-146.2
53.79
118.97
119.12
1560.96
1.25
-41.87
39.23
-9.31
-66.24
205.7
-87.11
-126.09
33.22
-490.84
-18.96
-150.37
89.03
731.32
32.87
-47.41
475.54
-30.19
586.93
27.2
636.03
37.14
2108.8
464.36
844.9
-98.46
61.24
19.2
220.04
192.39
44.71
-42.72
-31.54
-0.46
218.87
-1864.08
-0.31
524.88
-1195.12
-93.93
-6.34
-4.04
-48.51
-1845.66
35.09
-65.21
-113.45
-141.44
-250.53
86.33
7176.12
21.92
624.36
1107.53
-161.56
-28.35
190.53
251.43
-93.41
2.69
45
1365.28
-70.8
5713.53
2.39
-2.39
7.45
1196.44
624.64
124.24
597.31
-14.62
183.9
1069.61
-47.23
-90.84
-698.09
-8.38
-945.56
-3.95
-215.57
-327.65
4161.98
-127.11
2154.07
86.78
-48.85
66.47
49.82
2109.21
-19.75
-0.84
-118.56
-129.69
-179.17
-59.74
-7.3
-381.16
-166.44
22.06
245
11.46
-50.43
76.43
-411.65
-21.85
-6.71
-615.67
-37.22
-30.84
-139.98
25.14
367.12
2914.56
-372.82
-53.57
607.5
-701.91
338.95
-57.95
-191.79
-26.78
-0.05
34.79
-23.62
37.73
39.81
7.4
-114.39
-166.55
-99.08
-2110.56
211.79
289.02
226.09
-301.68
622.89
-56.3
-110.93
268.01
-34.73
90.86
1082.21
240.06
-81.89
-223.89
-21.38
-82.5
9.53
-52.92
-196.06
1871.26
846.23
1244.81
14.2
-307.96
538.49
-62.37
11.28
-15.5
123.15
89.45
-204.81
55.21
-70.43
3825.69
-22.36
317.53
-14.28
13.99
15.56
-66.87
4.15
-38.29
-34.39
-88.35
-17.5
-173.88
43.23
2428.59
-693.33
504.35
25.2
324.93
7.78
308.12
326.97
84.66
-279.74
-199.3
-8.51
-612.94
401.07
-2.29
-135.4
-3.05
20.21
-301.91
-160.71
-147.82
-88.02
-862.44
1315.75
-3.73
41.33
-31.59
203.44
-120.45
-474.49
-54.37
68.88
-94.11
-441.44
1647.75
748.2
-252.53
-955.56
-4.35
28.71
-7.01
294.94
95.52
110.54
1187.8
-91.61
1771.15
-97.47
-1212.55
-13.35
46.31
-68.3
-41.27
-232.24
112.36
747.68
1
-111.34
-131.08
-65.8
-66.87
34.01
60.29
297.23
58.69
333.17
2665.4
434.71
-151.55
763.32
77.33
4.37
201.73
-1.68
-102.16
-93.67
405.16
8.46
-92.1
21.42
-5.28
2992.8
-10.34
21.51
-31.24
-49.34
-135.86
729.06
-101.5
42.8
-74.64
-0.81
1467.82
-650.11
454.26
125.65
221.09
19.61
48.93
-85.17
123.14
534.29
192.31
-6.04
44.1
-36.77
46.74
572.26
-153.31
-43.48
-18.84
-190.03
-102.24
-23.82
-56.83
191.29
348.84
-668.06
-13.4
-84.08
53.67
-23.29
-8.82
-31.27
16.57
-1.97
-105.09
45.83
-580.32
-2.55
-61.36
24.21
-16.58
-17.91
28.87
-71.52
89.89
220.99
114.1
-129.97
514.07
458.98
-174.18
117.73
10.8
-23.2
-10.33
8.43
-112.88
-28.14
3.5
-25.99
-86.68
-263.95
115.24
-32.15
32.68
2097.1
-450.1
2347.18
-9.81
-115.35
349.82
36.39
68.1
-48.88
-382.38
889.31
1099.29
41.98
92.34
207.3
241.3
-20.23
51.29
26.44
10.29
-149.09
781.03
137.47
-270.85
684.9
22.62
-21.39
38.08
-1177.14
-126.05
23.3
-68.98
233.6
7050.33
-593.23
-217.47
-172.17
0.51
45.1
19.59
-206.05
809.74
-35.75
7752.01
-14.31
-31.37
-11.43
-45.65
-251.41
1816.71
-5.46
30.88
111.74
788.51
174.8
-162.24
-213.49
-104.18
-62.13
-60.66
32.31
-6.1
56.78
126.49
12.65
27
-1.29
778.6
-73.57
-175.13
2.32
-7.24
-36.79
1417.23
1982.78
145.54
24.25
-120.24
30.69
-87.01
261.66
-27.26
360.94
356.48
-247.25
-18.68
-18.25
12.71
-81.33
-29.91
-129.56
-133.12
71.56
-117.31
3030.16
-158.42
-39.33
284.59
10.22
5.67
-96.05
-27.91
-288.68
33.19
-172.32
-7.04
354.96
1231.89
-37.04
-22.53
-26.8
39.36
68.23
1807.16
574.44
51.75
-426.07
-1565.91
-19.32
112.35
-56.39
35.37
-108
-13.33
-953
76.38
3440.05
50.19
120.01
35.45
569.57
-119.66
-223.5
-106.58
91.09
-5.29
2039.41
95.56
44.13
-298.17
-109.94
1.67
-403.02
-690.21
40.44
40.04
222.17
375.87
-1446.08
311.72
46.3
6.3
151.67
-47.23
424.14
44.29
-184.6
-114.18
12.76
-20.68
11.42
624.12
34.98
-43.93
513.93
471.09
26.09
-12.93
60.59
50.74
1517.12
1094.57
-112.58
120.69
-117.61
-52.73
64.13
71.06
-15.11
119.64
1219.34
-5.16
-24.3
-131.9
-66.87
-192.7
58.52
-42.12
-45.94
385.8
-4.61
-118.6
471.22
166.92
754.1
-139.5
218.65
-1220.91
-153.75
778.01
-15.12
-5.26
-49.6
-144.89
3.82
19.18
-166.4
480.57
-23.25
-321.84
-132.51
276.68
691.13
-77.18
-50.88
1040.4
784.77
-14.06
-49.35
-19.31
258.62
-269.37
4569.06
36.04
-55.78
-84.13
4.41
186.64
-374.82
-63.39
76.51
-584.6
-76.14
49.69
-145.07
187.37
18.53
32.55
252.77
-66.35
-2.42
-13.1
-29.07
-81.06
-333.07
2011.31
-6.32
89.65
-26.05
52.59
20.68
366.8
82.59
-55.72
21.74
-5.1
12.95
-258.08
48.55
175.16
-16.42
-89.98
634.76
-17.37
1845.68
-20.6
7.86
-59.85
2227.89
-314.42
6.99
-180.45
-1.74
-107
107.31
1166.4
-148.85
3376.03
697.29
-160.4
-318.59
300.34
107.82
29.76
-27.51
58.86
-93.62
109.29
-1396.22
-51.12
-7.92
-209.56
-763.8
-803.08
-40.86
-106.29
-14.09
6227.33
147.08
-21.41
1025.23
-198.8
-967.67
23.88
-3001.28
579.79
79.32
-107.06
-29.89
17.17
167.37
907.67
998.65
51.53
-71.98
384.01
5081.87
257.59
1653.6
50.13
61.68
-43.52
98.44
636.2
337.25
60.06
-28.31
468.27
85.48
-233.14
22.85
-420.59
49.66
1117.24
-1163.21
394.35
-20.2
30.76
581.77
-692.82
135.37
579.76
-3.06
-7.75
-2213.75
-26.29
30.94
4.43
-0.06
-193.48
-114.58
4.68
-75.28
-71.39
-227.25
939.43
2.16
-4.83
-131.28
8.87
945.54
539.57
388.23
-185.98
-184.06
-34.98
-50.31
41.58
93.68
42.22
-117.91
570.67
6.96
2754.16
227.59
1111.26
-11.4
26.27
-191.23
-0.62
7358.66
-412.36
-119.55
-449.42
4352.83
-168.08
-5.79
-66.46
995.09
-115.54
-791.66
515.62
-202.08
-50.21
-4.84
-136.02
-59.88
-22.04
-465.66
57.44
176.87
-23.62
346.98
7.52
59.67
-139.86
-50.64
36.02
510.49
-38.35
292.49
699.31
-103.65
371.41
218.48
-18.73
1853.19
-81.35
1769.81
-4.34
428.99
-12.02
774.79
-443.78
417.62
511.51
-59.75
429.89
-6.54
-210.3
256.18
339.58
4913.16
-568.71
-1086.43
-20.45
4.13
2463.36
-39.33
418.6
8.52
-855.03
9.41
-112.72
-159.35
64.01
-131.03
-851.09
8323.39
-6.6
66.36
131.44
515.64
126.13
178.31
160.58
-360.18
425.08
60.38
-503.77
27.86
37.99
-287.99
210.01
917.28
-59.64
-340.98
1820.95
-24.31
-50.33
2437.17
12.58
657.45
-96.9
567.37
-28.55
17.73
969.05
-22.4
-68.67
11.54
-64.45
-3.68
-138.82
-745.2
27.85
24.75
5.04
230.64
95.42
-20.58
13.44
-59.39
-13.55
-23.81
-19.33
457.79
6.81
-615.91
87.88
185.21
1996.68
6.73
-105.37
-215.39
-19.31
54.9
-38.93
-142.67
5.71
130.52
-15.45
400.69
-236.43
14440.39
32.44
-4.9
-115.43
20.08
-146.29
-16.01
587.01
77.53
40.32
294.81
-22.14
622.25
-178
-339.11
762.53
-32.78
5.81
1304.56
935.06
-66.66
82.25
48.76
-7.9
32.34
2307.42
-1390.53
118.82
-43.36
9.35
-37.85
-735.27
78.74
40.52
66.47
-57.33
1263.01
-1.26
27.95
270.69
-33.16
11562.08
11.55
151.27
120.18
-83.42
61.57
-14.99
-1134.61
-67.71
-43.87
-296.37
-30.65
-202.86
-17.48
-195.57
-748.41
20.86
-15.09
-80.3
1554.85
-66.02
-1011.32
8.1
-99.62
-584.93
7.41
11.45
2595.18
-2.58
85.51
181.83
-94.83
87.68
-144.43
-51.43
34.72
-21.17
1366.1
-211.51
245.97
-66.74
2148.97
693.69
8.34
46.01
122.41
45.37
595.2
34.42
137.86
-160.56
-166.75
-1.84
72.82
-80.86
-54.12
114.02
391.6
-648.65
82.96
-99.3
-142.78
-163.28
-3.55
4818.29
-0.33
43.17
77.71
-62.29
58
26.94
-383.03
315.33
17
-477.66
-64.97
238.84
1372.09
307.17
-773.78
-303.44
-27.34
48.03
925.95
-34.29
473.39
-137.75
-336.3
-146.37
153.8
-120.12
334.53
715.18
-121.18
-0.65
-64.11
75.8
-89.35
-0.13
41.66
984.3
-44.82
108.94
273.05
-77.89
15.61
-99.26
-68.66
-69.03
-77.66
-18.77
-8.2
16.34
188.98
-286.9
131.02
-14.04
161.13
-182.71
32.35
24.09
1.46
-210.09
573.8
-1367.72
1211.76
-91.7
368.56
-128.38
122.21
511.69
0.35
667.33
-76.64
39.42
-186.73
128.88
1585.48
84.38
10.5
-19.95
82.04
73.16
-128.59
166.44
-40.25
-200.63
-720.2
-1.15
214.29
27.88
4.08
-68.22
-79.35
9.06
-50.84
-125.44
310.93
801.04
11.38
-36.11
-1231.35
-184.69
-23.69
-363.44
751.38
188.22
-154.65
1153.84
75.48
658.5
181.02
-62.28
403.81
-90.21
-59.71
-35.92
-704.66
-2.24
48.86
9
208.06
889.57
-41.6
2497.94
251.54
-37.62
3.6
-564.74
253.94
40.9
-57.04
4.87
-42.1
618.07
-22.57
32.36
37.99
-158.24
-57.99
271.45
-9.31
-1286.43
13.34
635.33
-45.98
-11.39
-120.37
-182.07
1125.29
580.15
11.69
-62.46
907.49
-0.64
13.77
-57.83
-16.3
140.91
13.23
75.5
-114.35
53.65
330.63
287.99
-101.28
-19.92
-139.87
-96.53
1593.61
12.01
-36.34
-199.98
80.01
374.75
750.55
13.84
56.97
3852.19
-170.91
-1.73
-7.9
13.89
-14.99
-32.63
-37.04
359.75
1541.68
74.82
3506.24
-61.99
77.3
-45.29
7.26
-300.85
41.79
-961.5
1148.88
8.45
-23.99
-105.77
4.34
-2.83
-434.81
19.77
-79.67
64.78
1233.45
1560.82
-395.12
425.07
31.17
212.73
-267.01
-354.9
-1048.25
-1857.06
178.86
1521.31
-47.28
722.24
95.15
-38.39
-686.45
37.3
214.3
174.22
-31.83
-69.23
91.63
-72.93
21.98
109.39
1126.72
-407.17
-9.69
-11861.46
100.9
389.4
439.77
-5.53
782.01
-81.22
-557.2
-2.31
-30.02
337.97
47.61
747.74
-34.25
86.44
12
-63.12
-9.5
27.62
-1014.01
1754.08
37.74
-26.62
62.53
7858.08
211.04
-48.2
16.34
239.94
-60.74
-147.99
-6.12
-342.38
-210.06
-271.77
-10.11
-78.82
2342.21
-64.08
-139.53
-95.39
1812.86
27.76
85.45
-281.17
11.44
-260.8
-2.51
-11.34
170.08
861.72
3972.72
-128.02
-5.19
-95.42
1264.75
-47.18
-157.42
-33.59
-48.14
147.12
73.19
80.92
124.82
5255.45
-9.72
-38.32
31.2
175.54
202.25
672.37
-43.97
1025.45
575.33
-97.75
-31.52
-37.27
67.41
133.71
-0.43
-132.91
-23.28
31.52
81.96
1151.69
-43
71.21
112.44
-40.72
-164.04
-485.55
-26.32
1371.67
320.81
1013.77
1077.49
3.63
983.55
-13.71
4.94
-2.72
12.47
-201.91
131.05
-22.83
-70.47
-34.42
1.42
2.78
78.96
112.58
-19.34
123.02
-139.9
-35.52
912.48
-216.66
-131.85
1164.05
-173.73
35.09
-154.11
20.43
133.56
-924.99
-17.07
1322.07
-4.04
-88.19
-37.5
-30.74
250.67
415.55
-66.38
28.91
15.19
-401.42
16.79
-1176.28
2.44
67.14
-58.83
1636.41
915.8
-100.61
0.78
4084.86
204.18
76.33
31.65
75.58
-103.11
-237.13
5916.34
-4.63
-303.56
433.63
-921.94
-55.8
593.18
-195.6
119.17
152.28
305.87
76.47
13.82
221.38
650.56
340.88
98.1
35.16
230.03
64.5
-626.61
-82.67
-7.54
187.19
14.84
43.92
-19.37
-7.39
937.64
-85.86
366.86
-309.82
71.75
-134.31
-119.86
16.48
-22.12
369.33
-260.41
5.66
42.34
49.77
562.89
52.69
13.71
-533.69
382.39
875.45
37.9
-175.46
-275.06
978.35
-95.79
-3061.82
-99.76
20.71
92.59
316.06
-125.96
155.82
-109.86
-196.07
213.38
-209.6
285.35
10.82
-1759.58
-0.01
-44
-76.6
-17.24
587.84
-289.81
4.29
28.47
-4.17
-44.92
-65.67
-119.48
-157.28
29.7
-1430.45
-109.02
129.95
-42.45
-20.41
-17.02
-137.87
65.44
-779.81
-19.27
-643.46
38.58
523.43
361.89
-107.59
-3.48
1150.33
-85.09
49.67
7.4
213.26
61.9
2472.32
-19.44
6.81
-514.94
-18.57
906.8
175.07
-19.34
-63.48
528.11
-1.82
28.64
930.99
25.04
-82.83
-7.51
-25
-94.83
166.57
-34.63
1104.32
-163.63
-63.87
-175.18
20.53
293.32
-234.79
6.85
-226.82
2070.62
-4654.73
106.98
213.62
128.17
870.8
-118.8
-1791.5
-10.74
2254.16
161.95
-51.5
186.05
-15.3
101.4
-547.89
-92.95
52.66
-368.02
7.32
103.13
26.66
23
94.03
1007.49
3.5
61
200.53
374.82
369.08
-84.85
-1182.87
-30.72
-58.13
405.5
230.5
88.9
154.09
-59.96
67.71
-30.39
-3.96
2.02
1.45
-62.43
152.6
83.07
-157.3
-2.63
155.17
40.3
-509.94
601.96
-236.63
84.03
-124.28
-116.79
-269.91
34.98
-51.47
-94.74
30.76
-66.87
231.16
-14.88
320.67
84.05
1558.79
-87.34
469.28
105.47
-7.49
-163.58
-57.53
152.31
1085.91
1728.2
-62.88
56.1
-123.37
7.15
29.62
3899.72
-4.07
9.15
427.68
-4.31
-41.64
13.91
-888.16
-112
64.22
126.03
-125.41
637.93
78.63
5.27
-14.76
-246.51
215.86
-128.68
13.98
222.08
-3.83
-22.12
-991.07
235.88
64.79
-2.83
397.15
-426.54
4.21
-11.98
-450.7
723.33
250.47
5.16
391.19
2288.64
186.87
-12.48
-1.79
-91.95
-771.09
-513.76
-102.19
-493.6
-94.79
488.31
4.55
-33.22
5.89
-899.34
-66.07
100.04
308.22
-435.56
-193.96
51.3
338.01
-78.64
549.45
-448.6
-329.72
67.23
-58.16
0.61
-124.44
-445.04
-734.33
-37.08
433.24
-9.17
685.21
-51.74
-9.61
7604.95
17.68
-26.25
-81.57
-12.43
-13.27
-1.08
3.14
80.76
-750.82
-53.35
-132.74
-2175.09
385.63
-1111.45
8612.11
261.29
-67.28
274.9
15.69
600.72
1663.35
520
5903.09
-8.16
-190.3
299.35
-24.93
2446.5
-141.76
2431.6
-14.47
34.85
528.79
-41.77
25.32
208.4
10.56
-20.67
1944.38
-123.87
-20.27
-7.59
1777.67
43.99
-111.17
3799.59
4.81
-26.87
-2.76
-67.09
1102.58
3049.45
-162.61
255.03
-6.69
-634.49
-71.19
25.44
243.73
-60.69
251.26
45.2
221.81
-20.6
-100.58
-5.98
31.27
-1.19
19.63
61.69
-225.86
-153.46
54.91
2461.31
-29.98
26.11
132.37
464.05
-15.17
-4.91
608.52
-161.61
174.06
-11.76
1196.72
-25.27
-326.97
-8.08
-255.55
-128.44
-142.02
-33.47
-175.62
-35.95
419.9
-103.32
4.16
2636.01
-6.68
0.13
583.5
6138.48
-586.2
29.46
823.26
-46.2
-92.37
816.72
22.05
16.31
-5.53
248.19
9498.6
-305.88
0.94
1148.23
261.96
271.81
-2297.48
-19.55
-104.35
-157.63
119.92
79.67
-91.51
81.44
-15.13
-112.64
514.45
-892.03
1488.77
-763.16
-36.87
-19.33
1037.55
788.29
-154.63
1361.88
282.11
-124.04
-61.14
-126.68
391.14
661.77
9.11
-186.77
133.3
-37.04
-37.67
28.24
-31.24
25.76
-50.14
-32.03
-37.07
308.63
-17.32
285.16
-6.83
68.44
256.66
784.49
-22.48
78.98
-165.45
-141.12
-44.05
-102.27
-79.18
416.67
190.14
11.55
67.6
10.85
128.28
-142.86
-1795.74
172.62
554.55
2066.12
494.26
167.3
146.04
632.13
-168.95
60.95
1881.76
-15.56
-108.19
-221.78
43.97
1366.69
10.88
-5.92
2851.46
-374.96
32.19
-30.47
-11.69
124.18
4.59
90
188.91
-78.36
-3.89
696.17
-921.68
-2.73
30.48
-54.58
-204.93
2799.65
-17.11
1115.14
1049.03
3.44
-43.5
-267.86
-103.22
697.82
1061.61
-83.28
430.32
128.83
-824.09
8.6
-1533.15
-6.61
28.93
-365.32
-75.01
557.6
326.43
58.16
501.54
-52.52
-102.93
-19.81
81.63
1181.81
107.74
966.81
-92.01
475.26
119.47
-15.79
-4.5
-114.22
1767.56
-408.25
-719.17
2042.58
-61.61
16.47
-54.04
119.09
-61.21
-6.71
-41.66
-9.19
190.93
-138.84
224.71
-93.46
6441.18
204.58
5513.86
13.83
-189.35
-92.25
17.15
-409.79
-39.67
-192.3
-150.29
-1022.02
-28.58
-566.5
-164.18
267.64
611.11
2812.63
-0.45
-815.79
-34.53
-2.66
34.63
7719.21
698.67
558.25
-124.25
98.02
-43.25
216.7
-82.63
-51.7
175.03
-112.19
1286.53
-55.94
-60.07
260.87
-8.38
-65.43
-33.95
-149.92
-136.25
3.88
8734.88
-170.98
-284.63
-34.97
-100.16
-64.29
-37.58
15.27
57.31
502.42
1836.81
1717.89
56.28
-147.02
-1191.13
-95.52
19.57
-1249.39
-114.74
-68.14
-575.35
-32.35
-1.3
-58.25
83.24
-25.56
-29.71
-189.33
-185.8
396.97
-13.77
-22.45
111.75
943
-24.74
2077.91
3081.02
15.42
0.35
521.69
-47.36
-762.44
-125.36
11.41
20.67
-28.83
-15.46
17.14
-138.02
-156.76
-824.15
-16.05
21.96
-9.45
631.99
456.81
154.85
739.91
488.82
-7.97
-126.47
103.26
2048.63
46.49
1371.74
-141.27
-120.08
1581.93
-38.28
31
-221.12
38.35
1216.74
-182.97
-84.33
-24.44
199.73
-2397.44
27.74
58.08
14.48
-31.39
22.25
-6.64
-3.2
-27.78
-5.87
-231.34
143.04
-145.1
110.6
250.01
695.06
6.46
14.57
12.69
-2.62
21.78
2385.3
-347.16
-8.93
12.2
-5.18
630.7
104.48
-139.35
-357.65
112.22
-81.08
-1216.64
-9.32
39.19
-28.45
-220.05
13.92
279.74
-164.25
436.02
8.65
-16.19
-92.32
590.35
489.14
129.33
-457.73
-268.66
-99.02
2549.4
-400.33
-505.69
900.41
540.67
-1.49
2.75
19.57
-216.15
107.11
-26.83
-6.96
-266.62
-45.82
-72.44
211.59
542.25
20.6
3066.17
16.21
-335.06
2723.31
-90.42
29.24
-69.64
-172.48
4.75
-141.26
-263.76
1.16
-229.68
603.46
-41.55
74.07
2031.51
-65.67
-7838.33
30.63
-35.69
-168.14
-16.46
64.99
-259.99
720.95
-1460.77
-1341.11
275.5
611.93
501.51
82.21
-937.06
34.68
261.87
-71.84
-20.1
12.97
-102.43
198.94
-62
22.22
-77.28
-88.75
22.98
67.98
1.07
-8.8
1086.96
-377.9
267.67
-106.36
-10.67
-37.88
905.57
-742.88
196.58
1152.69
-253.38
-55.95
239.41
4.75
-1352.68
156.11
63.5
-14.02
-367
-160.39
-76.18
192.38
154.16
-769.05
-84.12
5.98
-4991.42
1383.24
4089.27
-89.5
-130.88
9.15
719.26
6168.64
-1052.79
2027.68
-13.01
-18.53
-1.46
-1335.32
226.4
578.14
43.37
170.69
8.88
51.98
-4.2
203.44
-530.68
-60.96
-31.11
101.83
-634.87
-0.11
-224.2
10.49
16.92
994.31
48.85
286.36
-1596.75
98.12
-6.5
-160.68
-127.05
-46.83
-18.5
530.22
-22.82
-4.28
-1943.17
-134.71
24.17
-37.76
-97.54
8.1
-84.93
-502.05
-24.88
-423.77
469.69
727.36
-102.36
91.57
2241.71
-87.27
-122.67
30.5
-34.3
104.37
506.71
-53.3
601.88
1539.59
298.21
-567.14
-4.32
85.29
3496.37
9.33
-237.89
111.42
-296.06
40.11
-1730.3
-169.17
105.9
3408.46
-197.13
407.44
-39.96
-4.01
1.87
109.92
-120.27
1909.03
-431.45
-4.14
-235.9
497.11
237.47
-454.8
241.06
163.78
181.26
580.33
-1061.68
-235.21
-893.39
-287.62
-52.44
-103.23
4141.8
-41.6
217.06
1715.9
624.98
-71.05
1947.67
-1312.84
2.45
-44.52
79.52
1547.78
-10.58
-27.13
-46.9
-253.11
1235.15
-3.78
-69.89
376.47
-73.19
-254.78
42.16
63.61
47.14
251.64
-28.13
-1207.18
-566
108
377.15
109.84
128.03
-6.12
22.38
-79.96
51.08
-178.54
1261.44
89.6
803.6
617.06
138.1
-9078.94
368.86
73.7
-71.45
-7.77
246
610.9
536.87
122.06
-737.41
-12.98
49.05
-26.33
75.36
-241.28
-87.46
-25.41
375.25
-32.42
149.64
63.88
-176.06
-28.95
-265.62
-157.4
3985.11
31.54
-36.23
-76.6
-1704.89
1.06
-8570.45
-78.81
-1045.25
12.82
0.19
-91.28
106.71
60.36
1125.42
0.58
248.98
242.44
-224.41
-42.61
-34.79
91.56
-9.36
-7.25
43
28.42
-108.2
-41.75
1116.02
4.61
-520.55
-17.19
-338.27
-89.42
-80.05
735.99
-41.32
298.83
-151.8
1192.98
-91.31
542.33
-11.36
-626.45
350.82
-211.33
-311.05
-21.44
61.13
-21.03
146.51
-53.85
-116.87
25.58
-105.15
-3669.05
-100.89
481.7
-29.42
-527.83
-48.28
12748.86
1689.93
875.57
1779.01
80.36
-56.21
28.89
-626.08
-1195.29
-33.03
10.98
-1605.73
-90.59
-36.9
103.11
-197.06
-589.58
-56.3
-101.41
28.11
425.75
1542
1380.32
270.6
-1087.36
-16.49
-270.96
7.55
-3.23
-258.85
148.34
100.77
120.02
67.03
-5.05
-628.38
-144.24
-4.5
154.02
-448.25
-226.62
-74.44
-54.01
1499.94
79.54
-38.44
-210.14
-593.8
47.98
-21.91
38.7
-119.77
210.53
-25.65
6919.87
1167.38
2.81
128.11
-8.24
-195.93
-23.1
600.4
-44.3
-193.08
-1049.85
1438.49
3.25
-115.48
-57.84
-4.85
479.95
148.89
-37.2
-226.24
247.94
569.3
-4560.43
-4.3
197.16
1839.2
-158.58
65.82
36.32
662.05
-47.01
435.11
202.47
34.24
-202.85
-17.48
330.03
655.36
868.47
52.56
3277.57
-123.07
379.11
-127.01
142.55
-99.38
-90.41
-110.07
1903.1
-2.61
450.02
-63.77
-190.42
-103.27
385.46
28.4
1318.83
541.92
-15.12
1116.98
-335.69
-7.48
-70.43
37.77
-635.65
173.48
-8.44
398.22
-38.94
431.95
-96.29
690.27
-41.83
372.4
6.74
-214.39
-10.64
-44.47
344.13
239.23
230.37
-48.21
53.63
-253.37
-33.95
-14.36
-18.81
-19.68
1170.35
-139.75
-475.66
74.83
83.16
28.81
1494.01
65.01
-319.26
-4858.67
-287.28
62.16
-12.88
13.8
-1097.97
202.83
539.45
170.57
-8.28
15.83
89.95
0.86
26.71
247.79
-62.84
-67.46
4592.74
-46.68
5979.56
-427.99
-7961.43
-17.41
5381.02
-16.67
-4.96
26.74
2093.7
338.91
28.53
5475.8
131.7
23.52
-3033.57
175.32
288.09
1030.51
124.36
-434.56
-28.37
11
69.61
13.82
-248.78
26.27
7
308.53
-35.44
-29
1009.38
-26.54
-6.78
-115.21
-122.12
1137.91
-27.72
45.84
-458.33
-8.88
-35.26
-60.9
1577.02
12.5
1902.24
43.72
3918.54
1.3
-8.95
-148.8
649.05
-38.04
32.25
-691.31
-1621.38
44.23
102.58
1389.18
1952.15
-173.96
-581.59
160.72
1675.98
1.82
20.43
229.6
-83.78
-67.79
49.04
23.16
-35.74
-47.01
195.04
-93.85
48.76
-182.87
-1.78
21.48
70.8
-3798.01
-97.06
-139.13
5325.14
48.6
-20.95
-166.96
-15.07
-19.9
1435.83
-160.46
-73.4
-335.77
112.78
820.94
-24.43
-18.57
8.34
-5.76
164.97
-776.72
-300.39
7.69
-1.36
-97.2
-261.77
749.16
256.3
803.48
46.69
74.2
-51.18
-2.82
-71.55
-27.67
717.12
-132.26
37.9
56.43
-52.76
58.1
842.83
-57.75
53.44
403.83
18.26
51.91
741.27
-83.71
-30.04
322.51
-3.67
249.1
605.92
-39.1
23.96
14.46
6.11
-160.28
-66.05
-6.34
-7373.13
0.71
141.17
0.85
-115.66
-13.53
-15.2
30.97
-102.17
500.05
60.72
52.33
-25.52
209.54
483.95
-8.06
1192.04
-104.57
-173.66
28.34
-107.2
-6.82
1094.74
353.2
48.99
-4.56
473.27
157.45
395.85
171.94
-84.42
74.14
-47
851.31
-111.87
171.4
-13.86
489.02
-56.11
-550.43
-52.12
202.63
544.93
-89.22
-75.06
17.15
-30.39
47.1
-2.87
90.91
109.33
-12.99
555.93
-114.2
-98.43
416.02
202.68
-238.45
-45.02
730.44
541.01
-113.86
-211.13
36.94
-38.57
12.5
264.32
-11.95
-60.91
-166.41
1646.43
-18.39
-1.06
-28.46
84.53
-125.8
-10.84
1426.26
-164.4
-993.35
-1578.26
-9.08
94.96
8.9
316.48
-60.39
2322.44
5.88
-125.6
-35.54
-734.31
8.48
30.63
-59.88
-10.29
25.59
-255.66
-7.61
-135.1
214.61
37.09
428.47
-19.92
104.03
-131.63
-7.6
18.24
-315.03
9.49
205.83
-263.65
890.18
-107.49
3025.59
-17.46
-56.73
3.76
6839.95
-87.4
593.79
52.53
111.4
-16.72
-542.32
-127.7
-45.65
3309.55
196.22
-39.23
1609.29
88.68
-180.23
271.87
-74.41
-108.14
1464.23
-129.24
-29.53
1189.96
-70.73
-10.06
-18.64
47.09
271.78
4.58
128
-55.61
-47.15
169.15
28.55
855.14
-11.15
-118.9
14.1
1020.41
341.96
177.66
-32.4
-120.93
-95.05
3.45
-275.25
3039.37
-135.16
2229.48
-279.12
1687.07
-1032.13
70.46
-44.4
734.75
-109.42
-217.69
-746.44
-274.95
-171.2
284.65
1499.41
-78.13
-193.39
713.88
-109.1
75.83
-0.89
-15.13
1413.94
-9.57
-286.58
-64.94
-4793
-84.77
-8389.47
-14.98
76.87
195.16
-77.08
474.98
28.47
11.83
-85.11
74.73
90.04
27.37
660.25
55.42
-1329.81
1256.97
-100.49
1196.37
-118.74
-67.13
1217.19
-99.95
-17.42
-5.44
-205.49
62.54
-597.21
108.65
-379.29
-49.6
46.48
-31.22
224.8
286.98
15.97
897.36
163.38
-87.02
-13.5
78.86
294.97
35.09
785.63
392.76
856.96
-13.88
-25.97
114.95
46.97
53.15
189.04
-912.08
-23.65
35.08
7.92
-52.18
-63.35
-256.52
398.36
-38.23
-27.66
-22.13
-4.64
-261.61
-40.56
-59.64
-134.41
-517.08
8.89
41.54
-173.25
153.48
11.32
211.73
-64.5
-268.36
14.49
-57.98
-76.92
512.69
-0.31
94
-6.88
1395.02
-1348.06
269.27
-7.76
-1131.6
32.83
17.05
88.72
51.59
4451.01
-116.35
1304.9
693.06
590.32
-8.45
-47.02
65.35
-885.73
-14.29
552.97
-27.07
185.09
568.18
98.35
43.03
225.2
1236.36
2.81
110.05
453.8
-270
-138.92
369.48
21.77
33.26
-73.83
1579.34
-1280.6
-307.86
367.46
-179.96
-43.21
-14.35
-10263.66
56.75
-16.3
969.42
1285.74
-47.92
66.38
-321.21
-212.01
-108.28
999.87
36.43
219.04
175.24
192.06
189.28
32.7
-60.79
-96.54
0.15
-73.14
-100.24
-262.62
256.16
341.98
29.56
994.68
39.91
1169.71
-0.49
760.79
-73.66
-6.84
1760.11
1263.98
-86.3
-57.97
1140.67
-8.33
-53.89
2685.19
1278.45
-270.48
9.59
-66.93
-42.98
-298.9
-204.22
49.76
-82.06
1856.12
-90.72
379.74
-8.11
-655.42
-47.67
271.9
-796.51
303.23
65.76
-19.09
-244.33
1166.09
835.46
-344.82
127.7
70.39
-12.38
146.64
1899.23
1057.62
-5.65
-73.35
-94.59
-293.74
-824.43
-351.51
202.73
-95.54
-118.55
-95.04
-699.72
422.23
-106.42
110.77
-6.82
611.43
-50.27
-88.61
-69.91
-6.57
832.19
-96.33
2.33
126.31
223.38
554.91
-9.78
-3.16
57.17
2369.84
12.02
-410.39
461.65
-117.1
446.99
262.32
-34.17
-166.74
-40.43
-22.74
-457.16
384.38
-17.49
-114.64
-12558
-73.07
0.53
-15.92
405.64
-15.48
-517.83
20.31
-517.17
-57.73
-32.62
-120.04
-17.22
-85.32
693.01
624.71
-404.36
-103.75
348.59
-429.86
-13.71
163.1
-268.65
-12.2
-7.23
675.07
150.04
-556.25
-1.76
26.28
332.52
22.57
365.42
53.31
161.32
215.8
103.05
-765.5
48.47
-152.54
-1637.52
-113.52
-171.17
24.27
299.33
-302.23
-14.1
-239.32
-33.31
-133.98
352.41
-3.24
2860.31
113.98
-70.52
551.34
251.17
-63.72
-199.13
150.38
34.14
0.49
90.62
51.14
108.3
1422.2
22.25
377.62
-122.13
-86.62
14.35
7.57
285.2
6.46
384.2
82.65
-88.82
-64.95
-106.27
34.31
2.97
-10.73
48.52
-361.82
-66.37
-36.76
-102.06
-491.26
73.73
-8.75
275.77
97.4
5217.27
3051.62
562.31
19.36
3.84
-592.43
-53.82
350.94
-105.7
-16.35
-81.61
670.11
11.92
-30.25
-92.04
-7.73
-211.7
0.76
-36.61
-13.74
9.63
1727.78
-1523.77
-64.53
62.93
53.05
-187.75
183.48
1340.07
-284.06
194.21
8614.79
353.16
250.66
128.79
4860.73
-5.45
-33.82
-164.92
25.68
1676.7
-80.86
-1127.22
2766.29
58.5
132.79
-51.62
272.4
319.52
2052.13
-31.7
-1296.93
-1.55
-10.43
-69.66
192.2
12.7
-865.88
-66.38
-96.26
-13.95
-0.64
31.93
-7.79
-135.6
-165.42
-64.72
-66.06
657.48
-197.25
-13.44
-1820.84
-752.13
-379.1
-136.2
532.61
-170.87
-13.78
3116.54
-5.2
-71.54
66.13
-73.74
-31.63
-2.4
18.57
-88.61
-45.07
285.95
-8.53
354.74
1419.05
-83.33
6635.15
247.24
43.36
-298.62
146.72
24.55
-846.73
-70.04
-16.34
25.51
-119.35
-365.44
-335.22
6.7
516.19
13.91
539.69
2568.1
605.44
951.68
-94.95
27.22
768.34
2.63
112.06
16.79
-284.68
298.47
-6.34
-186.67
32.81
8965.83
-47.12
-8.02
46.41
-99.25
-65.15
517.33
-4852.53
-115.71
337.73
-31.67
-163.2
98.28
165.5
218.73
26.89
93.33
147.6
4.59
-11.88
-85.27
1303.92
122.11
7080.99
1174.38
147.2
-183.36
71.65
-42.73
-9.69
-1413.18
40.03
-337.66
7132.18
51.17
-37.79
-24.18
12606.81
-43.26
1774.53
-129.53
3055.72
-14.54
287.5
-1.57
38.43
-57.37
2.2
-183.75
225.26
-171.17
-72.28
-181.87
7.35
-151.92
-95.05
265.09
37.41
1316.79
-403.74
226.63
-89.06
115.21
17.4
-5.16
871.97
629.4
210
-82.95
71.6
-10.73
-77.93
-1565.89
6.84
-18.03
28.46
25.05
-14.27
144.69
1.17
-773.34
-35.88
-105.55
20.26
-18.34
-11.66
-103.96
-105.83
3612.58
-71.12
284.84
1464.87
-154.95
-1099.46
-382.43
8.05
737.94
-78.02
-27.73
-27.92
-35.36
-111.94
527.13
248.58
305.96
-270.7
-50.1
-11984.4
32.47
-28.25
-38.35
-164.46
-60.58
-14.59
-22.84
-155.3
52.08
387.56
-2.01
433.87
-56.1
14.19
-21
-184.16
935.8
8.82
-14.47
20.68
-5.7
-26.19
-55.84
-3.36
-43.17
-500.38
-17.58
-4.49
-1.88
5616.08
4073.25
41.27
-95.98
102.53
-60.67
-108.19
-796.76
-117.16
8.33
-101.25
13.21
25.34
57
-4.37
-896.34
-93.25
52.32
-149.66
-57.62
-143.23
339.75
-47.97
-446.58
-13.28
-48.68
60.12
-146.05
38.45
-90.12
-90.94
-142.75
-452.27
-57.75
-54.87
993.15
219.78
77.75
21.02
-75.25
366.63
-12.61
358.73
-52.21
85.17
-900.27
38.02
24.56
46.29
177.79
10.59
5762.52
812.24
-66.04
15.66
169.16
90.35
1406.05
262.07
2733.04
436.53
-119.36
29.21
139.63
52.38
92.7
-127.52
-211.36
203.24
217.33
-99.42
-13.88
-212.34
-277.63
418.19
134.73
-18.24
2.69
-60.98
-160.82
221.71
-517.73
-276.88
-694.33
1698.16
-191.28
-191.49
1161.75
8.79
69.08
-3.8
44.56
-92.42
-54.67
-113.08
1759.72
18.77
-21.2
-271.26
148.28
561.43
-129.14
25.02
-56.07
525.54
-54.91
-185.48
-49.77
26.21
39.63
-30.51
-29.49
21.93
6225.36
-54.51
2.71
-53.9
54.29
-106.8
100.59
-2.23
-43.96
-29.83
557.52
-85.29
-445.77
-206.15
-85.23
-179.11
-24.52
-3.09
-174.74
51.36
-62.23
-73.07
-24.81
7.13
-249.27
804.66
-22.01
-948.71
1016.86
568.6
25.95
-1867.97
-307.46
45.87
350
-4.17
490.99
-1643.74
-84.26
-800.89
519.7
9.3
884.91
-1510.89
232
-380.9
-205.02
-4.64
1054.82
-85.13
-1748.56
-20.69
-14.56
20
-4266.09
565.34
-175.86
12.61
-196.8
-30.74
600.42
162.67
-67.49
294.39
-10.4
39.04
374.63
-15.44
-16.64
-71.44
-25.95
4503.63
-92.05
6.11
-141.02
-16.15
2028.12
9296.35
650.73
46.8
-14.81
-0.14
34.52
432.38
-16.48
-36.63
-2.12
-108.08
4176.25
20.38
-360.31
-21.49
-43.5
326.4
-377.74
45.79
-66.59
1440.27
501.99
698.17
-23.52
-2.91
564.22
-48.44
384.51
-131.31
26.13
-205.75
-69.07
365.23
-13.45
-582.65
-14.33
-26.45
37.17
3.9
-6.24
16.23
-20.91
-77.71
7.35
-425.72
-70.85
341.1
-135
6492.67
114.46
-301.73
-126.6
267.16
-5.92
-88.6
-17.16
4.63
12.06
-32.6
-1916.71
169.44
667.28
-64.39
590.77
2477.77
1069.79
993.81
11.95
3272.9
1487.94
-23.93
-78.37
-3.78
594.44
-306.32
4.56
-2.31
27.8
-159.35
-35.5
66.14
-740.07
-74.03
-1050.77
-79.05
-12.52
501.69
-23.44
1243.17
739.36
-363.55
-19.93
6365.58
394.52
-258.23
32.53
-201.49
213.79
-20.57
-4.09
1325.82
-2.87
297.57
303.39
1555.9
80.8
8.13
-54.36
-6923.6
-72.73
-176.77
26.64
-133.68
11984.4
127.55
-75.38
-5.14
36.75
290.64
50.26
49.86
-0.36
-120.93
9.93
1176.48
-19.04
-92.16
-461.45
43.53
-3974.46
88.36
-276.54
-164.89
-1402.68
-64.78
-620.83
38.74
884.08
1265.82
-98.42
3.85
2.08
432.52
-254.68
401.85
-10.38
813.33
294.21
-47.64
-30.51
394.45
1148.9
-98.17
-182.8
-370.04
-7.4
861.78
489.58
-143.65
0.88
-409.24
-237.01
709.33
-17.16
-14140.7
-37.11
27.47
-624.29
729.34
-130.5
-0.4
131.39
1445.36
-116.45
2.82
-10.32
-136.82
-93.26
66.28
331.48
696.95
-278.87
2648.08
-133.18
-63.51
651.74
988.2
-50.27
-11.69
-47.32
-447.41
208.31
-160.72
26.75
-56.6
-519.94
519.59
3459.43
-4.96
-94.76
5.02
668.96
2532
36.01
-148.8
21.29
-47.54
41.83
128.95
1242.85
-793.36
39.9
-47.37
-4.68
-16.53
-17.58
1219.87
14.99
-4.13
33.01
331.56
59.73
-10.48
437.07
357.23
-129.57
-71.04
373.52
-2.66
109.19
-545.82
4.48
-111.33
-220.84
-111.4
42.76
-77.03
548.44
-121.91
-95.06
756.1
-1291.39
0.37
-211.58
1557.64
-121.59
48.45
2713.95
1332.44
72.28
385.37
-514.18
480.53
1977.69
-323.18
22.25
343.05
-329.49
-38.72
-159.24
580.43
182.15
-1640.51
-22.9
-0.17
2.28
36.64
216.12
-13.33
45.51
32.86
2825.15
-6.22
-67.22
10.91
82.3
-30.26
-186.33
-12.46
-35.94
302.8
958.8
813.35
176.04
372.26
2.13
212.06
545.11
74.64
-170.53
109.16
-234.59
4.79
649.8
1660.15
-43.45
-695.26
707.15
-41.75
-117.27
-153.25
-1115.99
48.59
-44.81
-27.72
-32.06
-65.33
14.01
-160.46
75.13
16.81
1680.79
300.97
45
-2.06
366.48
-712.14
973.16
676.13
67.84
-303.62
-264.28
-270.63
-20.33
20.23
-99.34
-77.34
-662.8
-59.91
424.36
97.16
-20.65
103.83
-98.3
3387.35
539.54
220.39
-99.34
107.93
29.33
-75.71
1110.35
-21.77
67.86
1234.57
-7.86
-82.16
-801.09
223.76
506.86
191.47
68.89
33.8
15.82
71.77
-47.75
-122.77
-3.88
-44.18
-243.02
-33.93
-98.31
-164.59
88.8
-210.97
-28.15
2.3
-635.69
938.26
-157.44
-191.22
-245.56
-70.54
423.87
87.96
-142.3
-639.47
1733.47
-106.51
-647.14
59.84
31.21
9.72
-94.36
-277.78
1063.46
-63.19
50.66
-63.7
-54.75
-554.44
-871.52
455.02
-44.14
-112.62
-147.81
307.64
89.6
3.31
813.49
45.14
453.65
-20.65
-521.09
-146.97
-0.79
5.9
-72.43
9.24
1512.07
-41.26
-97.23
-6.33
116.1
-87.96
311.64
-226.36
76.42
-151.46
24.28
-147.27
154.74
67.96
133.83
1275.91
153.8
-432.46
909.36
300.91
93.36
520.41
-444.14
34.03
1268.65
332.97
-38.23
-4437.91
-154.81
-15.74
-185.54
4.22
-83.18
167.58
496.89
-98.35
565.37
138.37
136.32
-252.48
-60.65
-22.55
-12.78
395.12
0.82
16.8
5.95
8.3
2.61
257.76
-291.59
1408.19
-1069.72
-13.78
-57.88
3724.57
-20.55
79.59
-74.21
-127.3
-52.77
483.97
-98.05
6.14
-1642.65
-42.46
-83.66
-521.42
399.37
2848.17
-71.47
-94.82
-15.34
-39.74
-80.2
1724.68
1020.32
559.11
-1448.83
-1760.57
-455.8
-149.46
37.79
-16.89
25.51
22.63
-223.59
51.18
-1.97
-39
303.53
4604.79
60.61
-502.81
-4.69
-144.2
101.8
99.31
-673.31
371.21
-154.45
180.78
-176.79
-390.77
51.5
-94.78
-197.39
-14.75
-49.32
-27.47
107.45
-89.2
83.57
28.29
-345.36
-36.11
2014.82
-1197.58
-41.01
1.07
168.22
-58.81
4.85
19.04
2820.44
-870.61
675.65
1.31
-11.13
