261.54
124.56
196.85
4679.1
823.63
286.73
3819.42
208.78
647.78
2692.6895
151.19
102.73
167.37
1026.6385
8009.5925
2405.4575
2162.8165
399.76
5393.27
264.63
239.3
260.41
3075.83
73.37
527.6
4689.66
4800.44
271.33
206.68
1115.2
36.75
97.86
173.44
7477.78
270.39
201.35
15.38
3019.41
43.97
6152.52
235.98
20.17
195.96
6607.92
278.94
8549.04
670.94
9544.18
32.92
36.86
336.91
138.52
1735.59
443.35
30.85
392.61
1081.22
36.41
5205.83
3416.38
142.81
22079.47
4636.62
100.11
5140.08
633.08
110.42
25.34
178.57
265.35
1993.94
24.73
5407.31
1809.0125
31.96
767.26
253.89
127.9
73.64
603.347
770.53
7813.7
164.92
507.74
74.3
12600.99
181.13
206.04
668.39
4657.35
2097.94
246
871.32
468.49
217.85
446.53
21506.77
4260.73
196.75
1477.39
740.14
16.47
173.62
690.97
2024.0285
4054.058
2833.19
669.02
4452.65
321.95
13244.04
1193.62
363.23
2780.88
33.76
3537.39
986.24
81.66
716.84
1143.49
49.74
480.39
11904.55
332.95
447.36
53.93
174.03
43.26
1190.8
121.65
103.105
19.02
78.08
263.8
1546.3965
1935.1
18775.76
447.89
189.19
697.5
497.2
198.72
955.29
5297.47
109.37
1461.1
9.75
184.07
573.97
223.79
129.16
843.55
260.96
263.81
95.3
60.76
3636.91
27663.92
2744.361
1201.934
395.84
206.54
318.14
177.05
1184.03
460.68
318.7585
4722.83
130.16
5.06
103.9
1327.59
3401.8
181.61
111.55
1435.95
961.06
146.63
1020.61
2506.2675
188.54
359.68
131.55
258.11
1288.515
925.3
277.88
3939.89
12072.9
3419.1505
268.34
195.04
1859.01
1781.11
185.32
43.66
73.41
130.11
4012.58
1295.54
238.25
403.73
209
1795.49
926.58
38.76
551.44
834.0625
417.88
493.56
360.24
1463.27
210.46
195.57
501.32
691.52
2756.17
5159.3725
307.65
558.62
556.45
61.46
2137.1
571.17
135.88
857.95
275.16
662.21
100.68
846.35
1976.3945
442.72
326.893
22.78
1806.43
1669.88
2018.45
1474.33
1302.99
87.68
3732.25
144.55
75.89
586.11
75.14
3874.12
1452.216
840.07
4789.89
40.1
430.88
82.06
23281.05
523.11
913.41
213.71
133.66
127.74
325.92
325.24
1414.05
1765.05
12.8
709.04
978.77
129.44
1829.387
9626.86
813.535
18028.07
1880.8
5350.61
7143.927
118.98
4910.09
1058.45
3332.06
820.5645
7486.09
881.32
22.77
220.7875
160.29
124.81
706.68
310.87
6408.3
63.71
5388.8
1751.68
684.5
86.47
435.27
723.82
1684.96
11460.76
1662.048
159.51
9062.73
5015.051
168.66
2560.59
189.04
2116.62
28180.08
27.05
6580.16
5610.84
455.34
1584.1
2329.646
275.06
27.96
3699.22
48.93
397.55
676.26
451.32
217.66
1374.67
82.15
283.58
76.42
4891.86
6039.1
206.49
80.54
1217.62
1725.0325
82.97
13701.35
512.83
41.23
5403.37
381.1995
135.2
5428.49
5178.17
535.24
563.08
192.12
2788.04
3917.61
56.47
216.25
2066.16
937.62
1861.36
33.02
199.16
967.27
483.74
159.65
7452.137
173.11
86.68
833.51
80.61
4605.36
1031.06
138.31
30.62
2266.7
38.99
80.33
6244.18
239.75
150.2
2019.65
1753.51
55.81
373.07
161.02
679.95
1579.56
4906.85
2017.5
8468.63
265.88
1500.82
426.34
3093.864
232.21
88.3
938.86
191.55
503.17
453.99
284.58
1010.26
990.5
651.9
1837.44
2575.01
85.49
926.3
68.66
201.09
191.67
2752
72.82
64.46
298.12
4411.5
3722.29
213.35
447.42
90.88
29.05
1314.64
638.91
2332.23
4610.35
610.07
181.49
28.05
248.86
278.01
281.81
243.23
1326.51
127.9
110.74
73.82
154.85
4941.7725
1155.5835
311.44
77.57
12689.87
905.32
1702.499
632.55
90.96
1997.13
64.13
492.71
1042.06
760.2485
215.65
5041.46
282.98
8817.71
1140.26
2645.8
11103.75
7965.9025
3202.25
41.97
35.64
81.25
57.17
28761.52
121.12
750.66
254.32
2149.37
5661.08
334.71
1981.26
1756.46
49.04
2320.35
139.54
300.2
1364.8025
199.52
85.66
35.48
15
1758.41
2766.818
689.67
2219.79
237.36
195.23
4051.8
1815.49
128.21
3465.97
1307.88
104.51
1064.7865
131.09
1817.9
124.06
138.05
433.44
55.59
481.049
112.36
252.79
562.8
5544.99
2011.6355
260.59
75.27
1184.53
3683.73
364.8
15602.93
1118.82
79.75
4.99
50.97
10006.28
407.17
199.93
834.81
335.35
148.31
1925.83
605.1
113.5
357.43
4754.08
10554.63
1601.32
264.75
3367.24
5723.24
188.07
1281.28
1940.31
430.848
933.21
748.25
1749.64
260.39
3904.12
343.64
256.64
185.64
225.98
16.73
6688.11
518.8
42.67
690.88
18.37
1943.72
824.24
438.47
230.72
142.15
293.47
88.7
262.78
330.22
321.71
5198.12
188.53
718.41
6175.777
436.98
136.68
1452.48
3555.29
71.12
691.09
713.7
333.3
85.77
149.31
54.3
157.97
1409.86
9843.11
7190.06
3701.5205
7333.45
4256.51
503.08
76.94
252.99
17304.85
794.32
144.84
115.45
163.89
154.94
1642.642
770.76
270.43
1339.25
1209.37
404.24
1381.88
1307.35
127.16
523.58
257.97
619.77
7512.03
2853.8835
240.63
192.33
8.6
1663.83
265.35
248.26
5472.12
7381.19
945.36
9046.33
367.96
159.05
116.14
3344.11
463
90.75
113.09
1810.67
1603.27
41.53
2222.61
618.1965
5236.14
74.02
198.08
3276.9965
1553.66
363.16
12571.63
633.56
128.86
17884.53
54.8
1038.19
51.75
772.56
108.73
309.46
876.75
1168.28
644.4
614.35
3.63
172.99
278.5
1935.25
5423.58
1196.7915
325.97
49.65
1375.3765
642.1
1211.98
945.86
2340.504
94.39
249.59
110.36
58.98
1455.04
11041.42
73.55
4804.0385
3316.08
76.06
18056.68
372.69
65.5
136.85
12.74
185.79
186.67
196.41
480.73
159
171.52
1779.8915
234.28
207.08
84.01
445.17
2329.4
106.05
698.1
1370.49
39.44
11.01
195.51
377.13
170.45
114.12
350.42
69.66
112.4
249.64
1255.48
411.56
46.46
303.59
191.6
317.59
48.37
436.05
6477.7395
1005.74
244.85
316.35
109.37
6206.16
15383.7
1637.457
1554.53
356.95
112.86
2063.42
116.82
5247.4835
483.64
33.64
701.94
126.88
906.64
882.96
58.14
1538.33
147.46
473.88
4462.23
173.417
849.031
1042.63
270.73
251.11
64.44
77.96
9492.92
45.64
2954.14
3375.3075
23792.93
85.56
754.6555
108.21
36.31
388.15
231.27
150.33
240.18
529.28
887.45
355.97
256.12
9499.3
2544.985
728.025
79.25
1495.184
23.84
709.37
59.76
7548.65
1318.8685
387
4514.86
79.14
112.57
1562.69
1974.66
73.44
12.11
2667.92
2236.15
4165.04
1143.45
117.33
49.61
21.45
5347.13
4581.41
430.55
191.36
65.7
127.33
990.1
42.31
28.32
213.75
224.32
7547.14
311.98
14.49
755.6
243.51
592.73
100.87
9473.31
796.08
152.67
69.98
418.34
17.7
45.61
129.33
2461.23
8295.29
6477.459
295.45
16.24
28.65
82.61
201.535
81.68
147.16
50.07
6982.87
464.59
316.68
172.9
32.72
517.93
2443.85
789.94
233.43
9418.73
1265.497
5.68
174.59
57.04
11532.99
146.1
1505.57
126.38
33.1
435.24
288.55
357.96
582.59
1297.4485
79.44
110.03
2451.41
851.24
3505.6
96.75
663.784
115.1
473.7
5051.89
302.91
842.6135
117.97
2237.76
20.59
2746.57
281.74
217.35
256.77
154.44
553.5625
822.91
1540.285
89.18
87.23
187.14
385.7
1048.39
45.87
321.91
132.96
3268.7515
2227.34
54.78
1965.21
2004.6
27.06
28.11
132.72
400.25
611.71
135.86
4201.08
8958.46
4913.7
304.83
119.63
177.92
230.29
1592.0415
150.13
338.89
362.52
607.597
117.78
2463.2405
2251.9135
16066.85
705.44
1041.72
211.88
1031.23
116.57
3323.44
27.9
7556.61
47.48
8704.08
24051.49
618.9
1388.628
21.46
2920.83
262.3
185.15
103.72
6628.55
9758.7
128.5
6739.92
2723.1
347.2675
1665.0395
5.7
26.23
33.39
187.13
2255.1945
70.25
59.03
987.54
1823.04
256.6
39.42
1049.79
1305.31
238.74
134.81
5488.5265
52.38
14556.67
522.97
199.46
513.74
36.8
817.18
2609.53
1576.223
8127.51
5352.9345
17717.34
1646.47
260.37
3268.56
115.54
166.8
465.83
261.38
103.39
435.39
29.66
280.43
5126.3
88.17
4760.02
1502.66
3812.73
834.904
241.706
1118.396
2029.75
1239.6315
356.7
4913.69
464.77
173.2
125.16
1246.52
132.07
341.36
1482.81
6693.28
275.91
1297.304
2047.58
56.61
302.36
186.44
102.56
15.87
34.59
5029.216
3363.14
16587.13
30.83
507.98
142.97
17.12
8185.89
259.72
54.69
1143.35
391.42
49.04
3730.54
121.66
352.55
719.64
3821.039
2508.673
4888.14
63.87
885.94
120.53
5261.73
75.72
225.21
78.47
108.42
194.29
1621.1
156.47
1559.5
178.14
1002.77
457.68
434.77
218.77
63.34
151.35
26133.39
153.44
4335.34
1150.5345
199.8
68.97
1735.94
337.6
2348.66
9579.62
2657.12
192.49
2671.21
1210.02
111.66
231.95
156.15
1968.47
1082.43
482.91
2969.6365
165.37
1785.74
317.85
531.66
2339.52
533.25
101.82
102.06
686.2
1274.5155
10341.47
55.21
38.3
561.65
55.6
2431.13
163.08
113.4
515.65
5023.2535
25.52
1562.97
66.19
141.49
211.55
136.2
883.15
81.43
103.07
750.03
971.82
292.96
2206.991
2703.37
1538.17
281.71
37.3
1446.97
711.1
2480.9205
17.19
498.16
3296.062
158.78
351.49
74.13
195.03
3220.58
2367.99
522.06
1218.08
199.12
2689.48
15.31
63.14
268.94
847.82
1992.45
103.62
124.84
633.13
10.33
14.39
6933.45
6583.913
270.63
54.99
42.21
514.86
14521.39
3925.9715
894.64
138.96
158.97
3028.86
75.19
51.14
1737.06
4865.72
2430.34
218.6
1401.75
80.53
236.45
2951.97
2283.22
11365.616
4610.2895
258.54
110.38
1003.31
489.07
848.92
6930.97
2219.7325
311.65
101.19
981.9
1567.51
1914.65
87.31
83.31
6048.18
235.09
187.46
4598.73
2673.08
396.69
610.65
158.04
1298.81
442.57
53.737
3051.27
1207.08
2618.112
52.0965
3945.95
5394.4
233.92
1642.05
279.327
539.206
125.46
9633.59
47.99
829.617
616.1055
33.21
583.56
281.47
539.06
751.52
220.48
1259.4535
3758.77
450.39
1193.1195
3596.36
16.6
25.1
553.02
437.86
155.17
145.93
2478.88
143.78
3351.55
532.11
216.79
258.13
5382.24
1035.95
233.03
140.74
18.7
304.98
104.24
198.13
4366.348
10123.02
59.03
440.92
476.06
1756.11
1136.47
325.81
608.29
307.42
1009.8
29.71
4587.926
4541.924
6163.52
1278.6465
4343.51
66.63
345.19
13.44
1049.49
2354.4
35.6405
127.56
81.58
13921.6
467.5
593.32
38.56
22.06
1760.35
1436.94
5797.68
125.8
941.13
693.06
4475.03
299.68
257.46
626.07
311.21
340.6885
709.91
365.24
99.36
510.15
735.09
211.7435
167.46
141.7
557.23
1772.2245
396.04
167.41
14240.76
1612.93
393.31
845.7
467
64.43
37.8
183.28
7834.77
2826.9
261.88
127.56
385.99
25.52
487.5
97.93
877.47
146.15
269.57
98.94
203.4
4186.53
6057.27
542.24
67.87
593.73
15174.95
1084.12
235.12
1814.82
318.56
1511.7
7286.65
30.38
121.19
48.01
120.77
3900.531
248.42
109.78
191.43
1234.85
105.85
179.33
378.08
731.71
285.06
795.74
311.66
9862.51
126.62
187.78
1575.14
86.29
1753.75
580.56
1507.16
371.95
96.07
251.75
3460.5625
7341.96
269.28
38.56
2536.18
764.32
136.49
205.3
125.7
2701.69
30.47
97.48
697.41
2230.97
200.77
71.57
2062.75
12805.25
1435.32
4581.54
11266.4
71.61
10.43
4684.9
129.71
161.67
36.65
964.09
564.98
129.48
2380.5695
240.87
1025.02
1491.8265
905.94
141.4
303.909
6245.76
3638.27
1326.69
14475.74
306.6205
527.25
210.86
631.73
270.23
490.17
206.2
414.42
542.6
125.01
60.92
387.17
4201.47
55.66
5567.79
503.2935
660.27
796.03
642.66
1980.37
92.86
175.42
9013.58
464.695
184.77
931.08
877.97
1112.54
110.64
125.31
32.4
11277.05
4075.376
1736.53
2905.3
1982.16
43.37
870.75
61.22
52.93
145.13
345.57
4688.9485
916.05
787.63
1223.11
66.41
138.24
846.59
338.85
43.25
188.34
1493.858
32.49
50.15
50.7
3060.37
25.31
102.32
945.54
141.56
387.79
843.15
3978.02
23.38
139.37
1221.62
90.06
59.66
377.016
124.7
382.19
2573.92
727.64
2564.5775
2795.004
3970.33
185.69
1236.64
129.06
338.52
6109.817
3234.1
428.723
55.35
700.35
36.37
187.55
47.03
112.91
180.92
31.68
511.83
34.11
1673.53
7110.24
975.5
4834.8
2084.96
1002.73
1704.58
6123.48
131.27
196.39
538.22
643.53
1217.77
800.39
271.27
2980.15
476.04
825.96
5648.69
53.34
4483.92
1064.23
50.42
2980.372
154
460.71
2946.05
88.06
183.33
2679.1235
3337.5165
1018.402
2365.43
16.91
464.66
3497.05
37.73
519.69
29.24
846.85
177.41
730.51
1039.56
204.15
33.11
2010.89
389.28
774.0525
1244.72
137.5
5744.24
452.15
112.05
78.22
51.65
823.98
1390.17
11613.13
74.05
812.06
104.27
3922.96
261.16
155.22
1236.954
1072.36
857.84
742.84
764.13
2070.68
64.34
5753.85
693.02
201.14
48.26
1718.43
43.61
343.05
44.63
5442.142
14075.99
1042.96
18235.47
8413.23
105.45
451.09
55.33
2773.71
113.89
83.3
3005.74
2209.5155
670.02
2631.107
523.56
112.63
3421.88
197.93
90.58
2376.7105
35.14
14665.55
4856.1
208.83
209.42
228.3
3857.56
514.53
748.84
1497.93
156.66
833.9265
479.84
736.17
182.64
2820.6995
78.08
240.3
653.54
184.99
137.02
324.4
12635.75
2750.107
106.04
452.93
101.52
294.48
88.84
61.4
362.71
2077.1875
700.95
232.67
6350.29
159.74
13608.83
89.32
23.93
2027.55
5307.5
278.19
254.46
1662.33
425.91
68.53
4805.92
4215.83
1610.26
505.2
562.91
200.1
120.54
1132.6
28.01
19.32
759.94
62.26
163.14
19342.84
771.783
6111.1685
113.71
152.59
695.47
575.569
365.62
29.42
46.48
9.25
58.53
573.89
1262.72
524.19
1143.88
72.63
118.56
2145.05
118.18
434.11
288.9
290.3
202.64
157.79
133.69
33.96
5181.08
10567.45
1679.04
2055.97
383.45
1102.28
866.66
109.7
376.21
80.89
1497.3175
223.82
1154.14
61.4635
122.09
6121.1985
614.34
278.902
356.4645
71.77
480.43
1601.24
426.7
217.14
659.13
222.2
39.9
16.82
14535.8
652.24
361.94
1276.04
2894.68
611.68
501.31
4393.75
3644.6
117.91
3491.613
176.24
291.16
1138.43
5271.0455
2463.6
3549.9
138.24
634.12
886.89
24.96
196.84
1379.98
295.12
131.72
5056.89
3500.1
196.12
792.21
214.64
253.38
431.37
80.9
166.76
262.31
514.03
1696.7
93.02
639.84
7837.44
3653.22
413.12
141.59
236.89
8558.4715
2465.5015
811.13
162.16
15168.82
367.11
126.79
1770.2015
1196.86
1355.47
1465.29
3590.33
115.81
822.8425
4647.69
2503.3265
2731.73
679.52
5176.27
739.94
14740.51
3.77
100.36
404.91
809.91
3310.9455
301.38
1027.66
8955.34
95.22
577.42
95.08
82.21
117.88
3130.2015
449.47
80.61
55.02
2413.53
204.99
265.31
1444.88
2287.1
786.26
786.13
18697.24
14647.26
26.11
442.31
114.83
192.58
16743.76
1534.7
2813.34
2682.8
387.03
585.47
123.34
1642.47
93.22
243.18
291.67
3853.47
28.23
4962.05
192.39
26.08
669.69
405.6
706.3925
154.99
115.78
210.22
281.39
250.7
315.42
144.03
294.68
2378.82
202.62
307.49
516.65
89.335
158.46
12593.91
7180.83
5748.2
21.44
416.4
225.14
1559.7755
482.93
1590.163
1203.73
75.19
8363.65
303.62
334.66
1142.36
6123.94
1379.3375
1825.42
2654.16
1722.65
461.55
799.98
363.57
618.84
177.67
281.84
200.753
9.37
67.24
19325.2
2277.03
5139.882
257.75
39.69
8532.152
824.51
3081.471
17.62
1216.5
81.9
495.5
498.28
191.13
8380.22
168.95
1043.12
87.44
1318.49
1666
453.98
945.9
71.32
750.86
215.31
157.33
35.17
125.84
114.55
1386.65
136.72
29.65
62.03
57.03
611.16
999.89
1462.1615
35.69
130.25
17387.65
453.87
310.99
1514.9635
19.36
155.73
793.04
4115.74
596.156
36.46
47.4
773.83
934.87
2130.82
6040.22
1356.45
161.28
12098.87
8.87
720.613
25.09
714.391
502.8
85.03
119.51
11169.95
468.46
2357.45
182.47
817.53
25.96
55.43
345.2
691.59
1086.39
61.098
4373.8535
2860.19
2925.78
142.24
100.08
570.43
803.04
88.61
336.06
1955.0765
380.38
477.53
2690.7515
315.28
796.14
142.96
2389.3
222.258
424
128.62
504.79
740.2
217.93
1288.7785
43.57
31.87
1193.65
315.02
40.02
1895.55
316.61
5418.68
269.37
7338.79
95.73
254.76
12569.31
177.95
381.6
831.52
1089.87
1068.79
2012.14
150.77
295.24
481.27
6806.66
226.81
337.34
511.07
428.14
2318.2135
36.23
5403.75
251.05
305.62
157.87
1660.86
9062.44
1662.57
12028.23
891.61
173.33
2433.55
78.44
229.43
123.13
2172.515
2160.27
1319.421
550.93
134.42
149.7
284.6735
165.04
751.71
471.87
1631.04
5311.973
214.62
1061.905
183.32
98.66
123.26
1060.34
2361.1
2011.46
87.32
77.55
789.01
329.91
577.95
342.27
794.58
980.95
285.91
2611.8035
128.25
141.27
242.8
16.02
202.64
97.57
5072.34
45.63
3685.38
1090.11
60.5625
67.47
315.27
82.64
465.9
742.05
10253.75
110.32
3186.77
3645.12
934.07
175.08
290.07
196.81
4531.34
574.5
262.94
462.366
336.48
69.57
321.68
45.73
58.44
2052.2655
122.41
2869.44
183.08
257.9
901.81
623.1265
2651.23
107.56
971.95
1386.69
6813.93
44.51
218.29
1554.21
273.42
200.7
250.75
313.05
6888.6635
384.21
2149.03
10.48
17.59
11.81
4211
89.99
343
135.91
164.22
132.78
2096.7
81.87
3671.3
164.41
144.14
103.2
30.65
259.83
57.28
227.87
5859.25
26622.55
26.5
267
1763.6
265.75
162.25
576.58
85.71
104.97
437.478
184.74
526.76
802.46
1769.9
615.68
126.62
111.39
370.48
403.17
54.32
2185.61
184.1
25312
2138.63
76.04
225.4
4408.27
24391.16
4011.65
216.77
154.35
201.36
89.97
884.1275
21717.36
692.73
22.19
815.89
4933.99
72.93
2537.88
19269.05
311.38
456.91
24.72
2066.63
116.38
14922.16
62.77
240.14
879.54
1620.94
269.93
4547.9
4212.752
249.02
78.49
119.2
418.82
127.17
2545.89
106.03
241.9
65.16
2269.41
2514.5125
1425.21
2435.5135
40.72
568.7435
2506.38
1959.43
14072.64
5549.79
728.127
1883.82
1118.2515
609.4
282.58
61.5
113.3
324.3175
194.11
167.53
751.94
48.24
200.08
790.24
1934.6
144.84
24.96
255.31
1219.19
129.7865
1844.26
3467.28
5897.47
415
1233.51
379.78
238.35
856.34
29.06
2526.54
162.39
28.68
206.2865
5452.9
840.24
3637.728
2398.9
763.448
306.13
128.86
64.11
5369.46
3548.67
2427.25
11.15
524.212
24.2
367.53
1083.4015
329.63
139.45
62.62
64.25
2617.13
8.49
178.78
2169.49
64.09
2208.31
1295.502
873.82
11.57
1449.45
80.92
7817.45
63.93
278
6045.98
110.96
3075.752
164.1
1316.87
1711.79
38.24
80.33
3832.24
9708.64
6618.457
2192.63
803.267
56.695
22.74
1882.18
88.4
390.35
772.67
3587.72
1875.18
375.76
92.15
821.7885
95.68
1350.531
73.86
979.52
5740.624
5332.42
2328.62
21.84
1597.02
218.27
100.95
628.22
3366.1
676.13
100.4
7668.55
226.1
2135.9735
3905.75
1651.09
80.38
95.89
182.33
257.42
679.6
78.17
718.03
327.15
534.96
887.94
180.38
569.21
260.12
284.62
159.26
57.84
3991.99
40.05
2926.33
552.87
30.51
26.33
2851.17
183.43
51.3
8.48
87.52
1497.7595
2811.7
131.2
53.91
127.8
223.64
203.3
196.8515
40.23
341.55
98.37
19.36
206.27
133.9
2040.95
802.19
242.36
446.04
18421.2
1090.4
1100.21
104.89
10714.78
1824.13
151.38
872.48
3617.64
63.52
8218.16
676.79
2409.96
931.1495
951.09
4502.26
192.23
237.89
598.49
3008.5
371.94
195.83
94.84
8246.86
1264.2305
2315.11
1260.2015
1082.8
1623.09
238.49
123.1
12612.66
1564.1615
66.54
349.43
926.85
203.55
639.3
1280.73
43.55
809.77
24701.12
5122.61
221.13
16.35
58.33
96.01
165.09
307.57
14861.07
141.08
182.7
331.53
494.84
3443.21
1100
19.81
10377.22
2638.79
156.09
1294.023
16028.26
738.2505
5318.89
125.9
190.99
125.57
2966.13
140.66
29.19
157.85
2773.0315
304.65
142.1
2175.218
421.36
4506.85
2110.37
1094.9105
42.89
1243.88
1617.91
2688.0825
221.08
3636.37
203.48
1750
15963.09
58.48
547.32
2116.2
766.36
226.5
1294.35
192.44
561.06
320.03
620.02
653.786
5288.89
1321.55
55.2
23239.96
302.91
438.93
6648.58
677.43
491.78
6131.54
475.58
274.04
3960.99
139.69
6030.58
725.8
15251.5
111.83
4159.628
1505.67
39.23
612.93
1551.34
287.54
88.315
4968.5
92.03
34.42
262.9
1024.31
51.39
293.52
1844.97
266.3
74.25
23.23
203.49
211.48
5601.1
172.76
853.162
21.01
525.78
16.6
7384.54
7522.8
1003.71
1610.76
12.12
147.88
1629.75
244.57
845.32
35.65
188.93
345.69
3577.11
96.04
55.27
160.11
1410.93
1978.3665
72.75
301.57
1888.02
199.86
4201.08
5028.31
150.33
155.86
30.35
4108.17
1504.97
5008.761
211.44
41.06
322.69
455.93
43.72
75.6
981.26
36.41
201.98
9459.94
20.16
84.47
5001.29
230.23
22.06
13.71
300.07
2422.721
45.69
173.97
5934.39
1971.56
3093.76
1008.872
13382.01
12616.2
192.814
3532.96
11.35
122.14
1382.8
30.61
99.53
700.46
763.12
42.5
148.17
279.29
121.3
40.87
1734.72
294.52
187.3995
241.89
83.34
296.84
936.95
139.19
217.25
1125.76
299.87
84.64
1136.44
3.42
138.75
95.38
261.02
243.49
311.1
5993.74
452.93
1702.499
140.72
8038.08
53.33
653.92
290.68
231.29
40.11
44.08
68.45
361.65
6532.48
1200.13
2202.45
169.22
2236.16
1490.56
975.12
105.44
2784.57
1201.68
5202.896
6608.24
1038.82
7.98
8252.361
2205.84
3364.248
442.99
587.2
110.79
516.62
177.22
50.85
282.07
426.037
564.39
1077.8085
2899.98
180.43
233.38
127.48
2550.12
194.02
422.83
170.35
20329.8
2567.64
826.9735
1838.18
1466.95
440.23
3136.2025
460.69
784.08
1085.61
6863.95
2519.55
1634.17
999.226
13367.82
16193.16
443.46
792.76
1453.704
7656.304
1412.98
19539.94
126.69
162.11
2298.32
145.48
318.31
368.0245
1619.51
463.93
138.17
216.87
75.77
488.65
12741.81
1168.15
572.4
55.49
1885.41
407.8725
1731.104
5713.48
37.4
2172.702
88.37
36.74
181.78
436.78
1053.84
9517.6
6943.94
944.76
1204.5095
24.91
373.48
56.21
1683.69
1184.32
130.43
423.3
2702.3
570.98
44.89
6.34
2996.93
554.32
1073.567
143.29
5811.97
1914.16
1373.11
71.94
315.07
18.16
39.13
166.13
3064.658
584.42
230.74
31.2
396.15
1900.226
550.61
65.7
1685.07
5634.3525
154.43
2302.36
32.6
223.76
1207.02
106.45
121.87
368.18
647.27
9225.65
1837.94
90.05
7804.53
125.85
174.89
126.58
23.7
188.73
1679.58
1078.49
224.47
560.51
189.95
589.24
233.05
129.1
38.26
4147.47
4002.14
10.58
45923.76
2119.67
80.6
104.85
136.61
2907.63
136.67
383.57
461.1
76.16
268.09
5133.9235
26.53
557.03
25409.63
1184.45
7308.283
256
63.52
1512.25
128.28
117.4
41.94
89.25
79.81
703.54
67.3
65.93
138.17
261.94
6067.76
9574.82
510.56
389.52
33.43
12296.49
128.13
959.089
5459.32
1793.42
3080.07
149.25
10.14
2754.93
1199.7
670.39
5618.4
5450.6
441.58
1644.22
40.26
4629.67
1650.411
240.27
6802.37
19417.55
1357.53
502.01
7312.86
605.16
121
1484.185
1476.12
1764.97
238.34
3731.59
33367.85
4842.21
1299.91
2009.05
3581.52
90.15
113.25
1642.43
6766.856
652.33
3.96
157.85
615.58
158.19
34.66
347.93
3755.43
138.84
79.02
1053.74
76.89
230.77
507.58
15.7
8387.1
126.02
580.46
351.25
281.59
231.7525
64.36
161.8
450.66
213.06
1126.488
310.46
141.9755
68.14
53.18
607.42
76.06
396.6
6902.51
180.7
67.4
466.9475
1253.89
1103.67
3554.46
71.47
1062.69
912.35
6147.24
70.55
34.94
9304.2
1685.05
57.48
4276.096
21390.44
568.3355
169.75
7981.2
825.82
205.24
60.64
2482.034
777.78
9695.84
246.79
3029.97
241.04
44.17
10532.94
192.92
2157.3085
1091.47
112.59
210.5025
230.63
80.79
1095.27
9522.12
1985.6935
1420.89
27820.34
1363
4698.5
45.18
65.67
10.23
202.84
251.34
78.39
53.66
67.85
36.4
176.35
15337.58
3883.4715
347.47
5679.59
1029.29
184.18
12690.33
4667.28
5155.07
16468.55
707.3
335.64
545.71
872.97
1404.22
261.17
342.4
450.28
929.81
1359.74
5228.2
7174.9435
136.24
454.58
550.68
17.52
120.96
2569.6265
1806.65
1388.91
410.03
3801.27
226.15
1794.03
109.58
43.9
236.28
4273.8
136.79
336.34
3610.85
1396.75
159.71
187.37
84.61
24.36
443.73
188.44
192.18
1265.497
230.41
5163.0105
19.36
538.3
61.43
129.5
90.93
125.95
865.35
823.07
68.04
483.96
331.17
26.13
55.49
132.02
20596.58
139.98
1393.39
601.52
169.61
1247.9275
29.03
2252.262
191.67
1911.4035
308.363
279.01
2561.6705
2004.4
96.52
115.17
222.65
76.48
373.27
113.23
889.84
862.2
63.61
519.9535
5636.3075
7663.74
224.58
138.59
97.06
258.74
12858.88
146.69
49.49
120.03
404.1495
1782.68
280.87
5361.08
670.03
164.5
1769.74
638.07
468.95
1142.485
18.92
2104.991
28.34
343.92
7.75
2433.53
1250.4265
1368.03
260.64
3878.49
580.04
1392.77
1940.21
1717.21
237.28
250.13
1958.32
81.76
28.15
558.77
209.3
61.45
5407.9
8216.593
130.36
324.55
200.57
80
137.42
693.17
174.1
103.79
115.51
2108.21
187.13
360.7
7323.78
1537.5
259.25
8901.78
99.13
274.32
171.14
7731.09
5834.6465
10162.576
86.48
327.95
5606.91
129.88
86.53
1062.959
269.66
28.34
405.3395
113.19
196.04
140.02
2006.38
1134.05
1470.0495
1020.88
11883.2
7468.86
120.38
2051.8235
621.21
13.29
2423.06
667.64
98.24
181.8
648.58
270.56
710.328
233.2
79.53
1680.977
2002.4
24.3
322.61
31.7
143.9815
52.7
1124.244
415.055
73.62
5586.33
3510.82
1287.94
585.36
11022.53
377.37
1200.7
73.62
186.89
110
1132.32
593.64
2438.3695
97.02
509.52
281.84
232.4155
71.1
470.79
36.56
55.17
422.25
357.48
1206.15
941.99
137.97
225.16
2527.792
6130.9
193.205
14300.26
62.88
197.61
68.92
3594.7435
235.98
15.69
14.96
205.33
1156.6715
5437.92
840.04
378.6
38.5
605.97
11230.25
5340.5
4345.86
755.6075
1368.14
7287.55
137.64
40.31
508.73
731.22
114.14
1427.67
499.26
736.3
346.06
927.97
2475.83
59.05
153.23
321.57
1085.16
1441.61
64.29
75.77
640.21
6077.11
6746.312
159.43
2205.7585
106.64
17874.26
2388.636
141.77
4286.55
8.34
197.15
89.77
766.9635
76.36
309.9015
524.2
3725.53
103.75
855.865
158.83
193.16
1757.43
137.26
2913.1455
176.5
308.52
221.66
6553.45
6170.02
12270.3
148.344
40.29
775.77
3436.9
1187.01
2360.43
154.6
187.92
497.14
1211
4924.135
4890.58
150.28
436.4835
682.77
2421.44
14.75
111.48
2322.812
507.64
917.39
391.23
207.01
1863.02
55.89
838.81
94.39
936.802
379.8
107.7
3568.45
1163.123
110.67
2604.315
2911.64
36.52
1077.28
61.52
1111.23
64.5
9944.49
172.34
816.23
224.58
365.77
340.97
136.24
28.82
4713.25
92.31
116.94
1271.12
58.5
1809.21
53.72
9150.09
16073.03
306.3
163.98
495.1
559.75
1611.73
1946.55
474.793
120.98
1082.66
4744.64
40.8255
30.68
607.13
34.22
4998.03
323.11
65.1
163.75
90.93
6170.912
263.39
319.62
7208.8
54.077
101.57
107.67
2368.168
33.99
78.79
3928.25
195.21
4725.0905
286.76
7406.49
350.01
899.97
18081.76
21337.27
15.81
802.16
3333.1
55.68
56.13
94.83
13.04
197.59
6789.9275
6.75
856.45
1160.59
201.178
2493.24
90.5
157.4
617.219
2738.785
157.13
217.42
195.11
3049.632
748.29
1274.949
2657.56
243.5
606.98
301.62
24.51
311.19
1752.0965
174.22
76.81
725.15
1166.29
2522.21
62.78
2836.0505
701.16
1818.76
4322.26
1251.18
169.354
38.52
593.62
1196.2
98.55
14223.82
4181.82
28.75
75.81
259.7175
83.89
60.19
43.96
1361.91
267.06
449.79
512.78
2272.56
680.8585
8334.03
1516.13
612.49
1092.42
561.92
365.64
1835.84
133.43
1655.3665
1727.79
147.39
759.84
3931.17
134.88
394.8
132.01
276
207.92
877.64
190.1
1032.072
184.32
34.01
294
1008.95
3508.33
794.58
123.95
9081.98
806.08
70.02
481.27
52.76
1199.57
1225.37
216.3
484.2195
169.13
208.04
136.18
105.48
111.37
78.68
128.22
904.93
98.51
96.73
31.6
253.6
307.46
36.91
2155.84
175.27
1400.91
2259.66
172.42
2033.9225
363.92
7778.758
154.18
110.31
137.51
1001.17
890.9
2192.439
3361.02
2732.01
382.29
881.74
22.61
7384.18
18.81
302.2
1455.49
5454.51
1264.17
3640.83
225.94
18561.31
617.34
906.07
23106.46
2549.58
399.58
5105.06
76.42
1431
79.98
138.45
24.32
344.301
1004.18
3118.6
153.28
130.14
52.39
281.79
4064.272
6559.01
263.37
131.43
2374.35
729.21
1822.83
826.27
1777.469
42.66
61.09
1219.1465
1875.4145
7535.96
1618.31
11.87
630.54
1413.82
56.9
308.92
649.71
3191.24
777.76
47.55
520.68
358.78
375.11
97.74
335.59
341.1
171.68
1502.47
2014.13
108.87
308.64
13671.94
536.83
1734.31
1614.84
1422.31
5678.5525
132.01
626.33
394.34
10051.52
233.01
225.72
4769.0695
100.6
958.06
14.75
11262.04
133.07
68.54
10351.01
1824.848
97.13
49.86
197.49
24.95
596.56
317.82
136.98
225.17
1112.157
1865.5885
1893.29
2628.047
1523.5
11002.66
481.4
93.85
85.87
8127.32
616.5
6255.81
236.68
3122.55
264.6
3356.735
664.989
756.15
421.08
2834.96
953.989
174.58
8789.54
37.89
2532.6175
350.48
159.89
180.48
46.42
18.15
177.52
17560.95
19845.696
4073.17
1613.84
73.05
950.3
8122.53
47.04
965.46
157.57
1323.67
14.85
155.52
535.54
1360.82
6236.4755
90.88
1256.29
2239.52
92.18
127.45
273.44
614.91
47.44
12470.31
718.6
397.17
18092.66
284.92
234.2
40.75
70.24
1150.88
583.64
234.37
427.32
51.21
1000.3565
12586.19
193.63
64.29
3491.06
14383.83
66.88
447.34
371.68
5556.18
2195.55
1021.55
205.24
16.08
311.08
116.11
306.92
1802
1832.22
258.61
1379.34
3482.41
168.25
1871.13
729.57
104.38
627.69
493.26
192.15
3615.8405
2366.18
292.978
675.71
570.5285
683.46
276.5
111.9
1173.5
210.66
316.61
116.37
123.93
381.24
103.11
1599.071
600.22
968.235
184.46
574.99
3753.42
1130.79
341.42
381.39
223.33
1178.04
121.94
64.0305
5405.44
1001.99
73.5
4321.63
67.14
3218.42
220.97
368.99
138.55
451.44
1291.35
107.97
8551.544
857.32
8.87
155.78
4650.07
497.52
103.6
75.15
400.45
96.23
70.08
234.768
291.66
376.65
40.06
278.66
491.85
401.37
118.95
3814.171
515.37
2044.2755
122.02
1304.0275
503.3275
154.61
1063.35
4182.52
512.81
169.11
152.59
1961.39
4.94
156.97
1118.21
171.71
3503.56
1984.61
890.61
64.19
13.96
531.48
3524.55
376.58
1540.77
73.9
306.02
897.42
180.36
4965.7595
820.284
1326.04
3881.89
240.74
3072.86
5503.39
6573.75
225.09
302.4
1083.37
1736.26
477.76
112.18
17.89
164.78
3077.731
217.68
7202.94
245.82
15468.216
906.015
81.1
604.576
128.56
137.18
163.36
5154.009
44.08
1135.64
4407.03
173.22
782.05
162.51
561.43
2251.497
324.2
617.26
156.95
92.4
1004.89
329.06
4387.24
260.31
7227.42
1836.187
121.74
700.366
13104.992
92.25
475.9
2296.76
508.49
204.07
112.16
34.41
600.8
3896.39
773.74
700.73
302.1325
75.57
16699.56
21425.91
5304.42
1223.43
2018.68
1477.572
3842.99
1587.16
667.55
107.95
70.91
179.65
113.43
2130.66
51.27
53.29
277.35
399.64
1357.44
507.44
701.46
4169.93
289.73
757.11
8920.08
188.7
14358.64
345.37
73.8
105.95
5483.96
205.87
65.12
2608.79
77.99
53.94
46.94
907.24
9396.27
340.7
1835.47
902.19
657.232
257.2
6139.34
4257.276
1383.9
5735.79
132.12
1857.88
2160.83
43.94
3023.73
8875.17
331.21
3602.12
1174.94
772.24
14.76
186.93
7871.91
15464.01
6264.1855
4671.1495
1942.1735
1285.55
3331.81
972.35
3988.0895
3400.63
172.7
1683.57
241.1
13.53
65.467
305.05
907.18
1854.94
250.29
129.3
1775.33
15823.27
287.13
491.93
501.38
163.78
2573.29
2645.88
8305.19
539.21
123.82
3387.32
990.73
372.01
2215.96
623.71
1374.7
209.12
9262.35
271.78
179.26
418.7
193.25
260.08
8958.46
1177.5
4263.9315
362.75
105.93
2643.15
677.9
3249.09
121.624
1033.93
1616.87
752.63
130.9
2700.41
224.744
169.27
353.02
222.43
302.94
20.47
621.44
951.06
19.34
1341.31
1583.06
197.21
248.3955
28.04
646.55
392.81
5258.94
6335.8575
61.94
3723.99
5718.85
675.23
756.6
38.2
314.26
7680.29
336.85
14960.096
1343.6
35.28
8937.38
108.85
157.47
88
207.19
25.82
579.71
87.11
121.92
1096.17
1447.62
97.65
1408.34
107.92
2151.08
196.74
485.46
352.44
8094.55
114.73
3295.15
43.9
169.48
1541.92
738.8
2750.7105
2118.26
822.7
89.55
471.24
2249.05
4813.67
3877.88
307.76
1129.9305
75.94
533.47
61.94
49.81
9141.64
368.66
438.8
647.77
315.88
258.11
374.78
43.56
2553.84
7518.12
374.38
1557.42
410.27
2232.06
1531.93
68.32
536.38
391.8755
1991.93
373.33
164.62
4225.77
53.89
181.32
387.17
835.1505
771.834
449.17
79.81
1520.26
688.02
473.67
28.41
7869.22
912.44
65.42
168.57
5750.94
1991.26
10480.272
383.81
2050.712
5.31
231.35
898.9
3083.04
21921.28
413.86
9.69
331.99
426.64
5610.612
1383.919
528.54
362.17
290.46
1207.4
1745.118
629.5865
20175.48
178.45
56.22
107.96
3169.992
5232.83
236.32
2728.42
6.77
3550.28
43.29
11747.97
2728.65
487.7
4158.0725
199.58
80.59
1840.8535
1644.59
2409.424
367.11
152.44
2850.31
89061.05
735.54
6636.664
2860.93
220.82
336.29
1390.6935
1017.2885
86.7
864.16
623.35
70.88
1060.0605
1335.316
55.82
213
231.08
428.36
118.43
172.51
698
447.23
1541.458
3277.39
1210.0515
4253.009
199.39
127.32
248.64
845.614
84.74
98.57
279.83
102.15
19.57
856.9
519.65
655.33
2770.35
958.18
506.49
74.31
8367.68
4584.73
2570.944
4039.72
1944.87
61.82
144.28
126.53
417.53
186.94
407.2
1882.12
167.07
554.88
309.65
152.37
76.38
2948.63
18.33
86
4805.36
475.92
146.71
4158.1235
208.6
283.65
262.87
2531.0875
726.22
353.62
646.07
126.87
520.49
334.89
172.04
113.14
778.38
1724.82
1337.81
937.8
227.37
6330.086
1566.8
438.6085
616.01
1386.6
1553.38
441.7
60.36
10823.84
42.3
94.86
744.12
174.9
103.8
2557.51
1378.72
67.03
140.82
1936.3
4371.92
479.96
28664.52
635.7405
423.07
1602.21
547.82
278.27
667.36
32.37
14.23
1409.0875
1011.16
180.79
487.59
4152.12
323.26
17131.36
208.77
34.27
2555.37
272.07
3279.01
213.49
375.61
706.91
190.06
86.79
753.8
212.12
6483.42
137.77
325.43
540.33
15.88
466.35
153.01
27
225.06
1041.78
32.76
2337.03
1503.49
10.62
187.83
843.53
29345.27
3355.1
2864.55
65.61
742.8
2188.06
6181.48
283.8
49.14
1600.85
320.93
6641.14
261.85
56.91
113.2
94.46
1291.2
110.2
54.86
1069.85
1967.83
52.59
10469.03
8188.19
283.6535
309.17
412.86
103.32
503.75
1614.97
2119.0415
272.39
5369.46
1439.96
122.05
835.55
48
505.08
649.2385
830.28
837.386
392.77
7332.088
1504.22
745.48
3086.5115
20.19
215.93
251.59
250.29
151.75
437.73
275.01
567.936
310.52
689.74
210.4
161.77
447.09
4192.88
140.24
59.85
1661.04
494.34
2150.25
448
3629.1175
146.51
8316.76
2143.2155
2080.035
145.42
1559.4355
266.94
787.56
565.91
593.21
89.23
98.39
65.39
2152.404
4669.19
133.4
2393.63
6177.53
113.85
94.6
20.5
76.6
221.86
78.26
992.95
294.78
282.71
724.13
294.66
16172.44
83.81
4733.7
2718.07
281.58
198.78
621.12
2206.17
175.92
384.74
133.94
5433.0895
92.63
21062.91
129.84
22.13
218.81
3681.7495
2300.45
548.11
1425.06
31.35
11057.6
10445.95
66.33
197.574
4935.72
49.59
9502.736
151.49
308.22
85.85
14377.78
994.27
9558.65
172.15
772.2675
1767.88
277.42
5686.25
178.13
2637.78
157.4
292.808
1160.55
106.06
131.61
10122.72
203.6
115.81
1058.43
797.24
299.08
566.39
377.213
140.07
39.68
1273.266
351.27
49.89
1831.529
599.52
963.3
10330.94
3662.16
329.37
1676.44
1406.07
1771.67
127.49
63.427
431.06
34.93
259.59
55
94.56
107.73
51.66
174.55
74.34
228.8
6089.05
839.7
1662.5
745.99
473.9855
1548.43
54.84
712.04
2185.9535
1323.5435
257.91
6216.6
765.96
102.9
2174.96
51.03
550.29
62.84
45.8
283.21
7156.56
6481.95
2469.15
463.42
997
2357.9085
72.67
99.08
25.72
319.96
557.85
204.21
223.88
131.27
13571.7
78.72
788.85
364.59
66.6
312.25
70.63
4261.94
89.75
478.38
247.15
314.93
726.82
115.24
9601.94
973.862
1624.67
116.06
2071.3395
39.42
801.44
1194.06
377.02
7339.24
137.07
203.99
2962.96
782.93
34.16
244.9
59.38
222.91
125.273
209.33
265.61
485.03
2039.33
2842.54
40.24
98.77
173.7
1811.25
1634.98
2642.95
614.15
154.24
140.31
1460.42
6659.7415
2601.7905
1227.18
4278.61
10.94
204.11
1755.3
3981.23
205.11
2458.2425
11036.16
115.71
4587.3
403.71
1243.45
175.23
224.58
309.2215
343.36
305.82
1038.4
2477.99
48.83
297.76
257.41
241.43
94.32
554.4295
153.27
671.78
262.09
1107.64
7441.29
1119.91
155.27
3534.56
221.33
74.07
1529.0565
855.03
196.58
75.19
1028.16
346.23
249.24
55.45
133.85
7827.51
59.76
70.13
195.75
185.16
1397.383
5144.94
287.61
128.52
1011.67
31.13
4896.93
7201.89
3156.6
302.69
2040.39
272.8925
123.11
41.52
254.02
5320.57
3227.38
134.52
433.68
104.46
112.47
3531.75
500.5
86.69
157.26
187.6375
114.94
85.36
671.75
717.29
9541.04
1035.2
74.17
113.8
480.13
66.92
235.45
161.87
762.2
45.38
163.3105
123.92
1423.35
7.15
192.21
207.54
17.33
92.77
130.16
92.53
988.6435
1484.89
244.39
581.42
1285.37
932.892
175.35
590.6
47.12
62.89
565.01
125.78
577
24.53
48.75
112.6
5977.63
423.95
620.23
213.74
118.66
6427.18
1330.73
7841.57
156.31
207.42
1031.18
461.4
278.1
85.89
906.02
4567.36
10413.67
71.49
668.8
641.89
21205.5
24.09
173.27
601.78
60.67
170.88
6195.87
299.07
708.87
2167.05
70.02
236.17
152.31
3582.79
149.4
303.97
434.62
876.59
16269.82
5000.87
23300.12
331.37
78.03
111.04
103.55
301.12
1876.09
145.26
19461.8
871.25
313.85
35.68
234.76
498.49
6069.05
34.18
194.35
413.83
3339.65
3601.07
537.87
468.48
284.14
198.7
951.33
201.5945
15.72
313.83
525.4
61.77
99.65
14.15
2031.98
85.74
608.21
131.94
528.53
720.52
5975.0495
3849.17
1208.35
69.97
199.48
925.8
282.48
6502.46
285.84
1243.52
1932.58
601.57
157.42
299.66
375.57
81.97
636.7
142.94
240.61
1912.76
1591.89
12450.48
220.07
319.39
2379.3285
4346.98
145.76
9757.48
87.91
5824.01
1187.1525
414.11
48.91
2083.0525
4799.7885
122.42
305.76
25.48
409.97
1457.78
5615.4
1692.03
242.284
1391.7645
9704.37
47.01
233.28
211.94
142.88
876.01
105.94
1337.08
839.19
8673.9
155.89
1333.18
117.27
3245.73
63.02
167.55
254.89
470.11
51.23
10854.83
195.51
4992.63
95.0555
67.97
15.6
631.499
6420.87
63.85
147.71
1163.75
2544.73
4281.13
1779.87
115.02
118.63
705.85
321.3
2407.693
227.41
87.44
424.09
40.75
53.32
64.03
2710.5055
86.29
86.92
1717.88
1978.4345
109.49
29.32
566.66
134.83
8865.1
10348.73
1258.97
830.53
995.724
79.93
799.84
1689.137
42.23
283.17
4008.7275
10.94
205.43
979.06
332.55
466.36
130.36
45.24
148.05
1419.83
17
154.62
1638.2
479.13
1718.87
1193.1
1008.34
534.3
170.4
9059.9
368.17
14.46
67.41
168.39
599.1
1309.53
806.37
3908.65
41.25
294.89
246.57
2004.12
3841.72
130.67
77.62
2053.379
3206.3955
288.91
138.85
41.18
1735.3515
254.69
18316.3
206.09
124.25
320.26
129.62
440.39
90.37
806.05
622.72
2130.22
151.05
133.04
1184.11
514.22
82.42
1907.71
3449.26
96.99
14.84
922.47
225.47
209.53
951.31
12043.88
195.12
189.6
397.732
528.6
107.41
1390.49
590.43
128.31
82.56
141.07
1841.6
476.31
169.48
581.52
19.17
943.44
14493.84
216.33
7264.64
852.05
209.3
200.24
5845.82
706.53
114.01
1038.99
30.37
228.82
1351.76
3152.75
595.4
12125.14
2094.978
273.89
451.81
1645.51
495.8
237.54
143.5
438.66
416.99
216.51
3609.88
161.96
587.92
2171.464
950.464
705.687
58.63
94.99
22.37
17853.64
539.66
188.05
4620.53
2502.67
3016.85
48.5
6095.14
3776.28
1487.8995
250.6
107.63
68.73
1681.6
4359
3046.01
353.52
636.5
2614.3705
12073.06
1175.53
6685.05
178.44
472.35
505.01
286.75
5203.9
980.07
353.25
30.1
4547.26
430.33
1221.47
128.27
292.3405
253.26
6865.072
744.12
3361.7585
121.2
117.84
1334.05
6552.86
587.88
2207.9
139.93
15.45
1759.65
88.59
394.27
146.69
118.97
293.3
281.09
508.38
276.65
120.751
245.55
1911.69
28.82
75.39
851.17
68.03
2567.13
1244.01
981.73
302.07
1307.184
50.93
436.3
364.23
750.14
94.35
276.75
1929.19
58.86
6892.07
801.45
5518.5315
782.4505
792.8
188.47
163.27
24559.91
1217.5
441.53
834.2155
13934.53
1233.76
2377.28
134.68
3671.1415
226.18
5445.992
1169.26
136.45
121.81
203.57
287.75
171.77
36.43
2173.26
623.29
1856.9695
40.34
1608.87
37.64
161.56
917.31
202.95
129.49
2753.1925
88.84
909.82
1411.58
241.19
2115.242
1246.68
169.18
8252.392
77.19
7223.59
934.216
1307
41.39
2354.15
4177.52
1558.18
1370.56
172.98
1372.9455
88.02
800
381.69
1009.42
15137.11
1030.09
3351.08
88.7
105.89
9107.27
71.39
1596.86
78.36
3300.216
331.54
251.3
226.68
159.11
401.14
467.4
21532.26
7.64
1154.89
709.54
1220.08
606.3985
1108.366
734.25
741.49
1127.81
768.41
5238.192
600.22
125.21
924.1115
1008.19
2440.26
169.4
1372.14
6944.092
66.83
61.8715
9293.82
80.79
1407.515
273.14
3100.1115
57.35
371.45
5158.09
364.69
86.3
12723.95
272.63
925.03
546.4
803.33
672.93
109.92
150.29
3500.49
223.34
380.28
67.84
96.03
122.35
27.89
566.12
2560.9395
43.46
927.9875
3575.23
662.16
5642.18
133.04
554.21
775.74
238.34
327.61
68.64
67.72
875.52
405.53
22.07
1866.12
522.49
28359.4
123.76
12.61
74.75
178.4
1111.008
15.64
1751.08
225.37
558.04
1486.72
27.83
1403.741
597.66
1246.3635
2507.48
150.16
115.01
4687.6735
6435.87
312.03
418.93
676.44
128.02
526.82
7679.512
5074.07
1526.67
181.83
77.41
112.67
614.14
223.2
101.9
187.33
259.17
4697.032
13.42
320.57
952.47
138.71
29186.49
53.79
354.96
493.43
130.97
459.08
193.7
6730.07
553.3415
152.52
171.9635
71.6
1699.983
43.54
330.27
448.3665
841.51
71.07
176.28
8718.46
135.88
2543.95
487.98
254.92
1846.2
32.03
185.82
7046.61
14.74
423.14
628.39
162.49
384.33
317.95
133.15
136.71
28.63
8014.624
1339.024
725.43
130.96
11039.75
4982.944
31.77
208.05
435.29
827.47
7017.42
1075.91
1176.859
651.45
536.25
5.73
189.99
201.06
459.26
410.35
937.04
901.374
513.5
182.89
148.65
198.21
5.63
15655.24
16.48
189.73
278.8
2170.61
163.04
1616.64
9041.26
3519.12
108.33
3950.6
254.12
767.04
6072.1875
1936.45
3711.04
2789.03
404.3
403.88
3291.13
736.96
2333.06
267.58
555.68
486.63
1403.027
188.38
881.501
11674.968
161.72
660.059
138.91
162.57
196.22
49.76
670.65
2797.41
89.93
340.952
831.5805
309.3
337.61
636.34
98.82
289.19
196.07
75.79
13.45
46.55
1499.5275
1917.61
2492.97
575.89
444.52
260.6
172.23
470.74
141.9
278.76
1379.1
182.92
3361.84
195.82
987.3175
140.56
742.21
1186.06
51.53
3872.634
156.7
523.42
192.54
622.82
5945.3675
569.32
120.03
35.58
896.1805
153.28
139.95
5207.5
92.14
257.43
3021.64
17.89
1560.617
339.35
33.67
239.03
120.56
849.46
303.69
116.84
1205.73
2796.67
354.45
238.43
1606.4
772.412
31.95
502.44
2640.6865
563.82
767.34
5554.036
677.43
3355.154
564.85
572.33
3571.84
310.44
180.27
626.96
8662.34
236.31
263.63
1078.58
1003.43
2779.2
65.21
8475.962
3015.494
156.82
2510.71
1689.97
988.42
101.25
28.73
67.88
865.21
2660.6105
65.52
441.99
245.19
1271.0475
112.03
1394.36
375.74
1095.11
124.65
3830.84
267.43
137.38
296.82
1801.95
1713.8
2528.49
116.69
210.9
6768.16
10.65
149.64
570.24
258.54
1972.884
75.74
1230.83
169.93
1176.944
1146.11
909.721
203.53
63.47
560.03
323.91
7168.15
185.59
278.65
866.73
642.42
2169.7525
4488.2635
102.5
130.28
41343.21
273.38
179.66
13.5
540.64
269.35
68.94
74.04
1104.28
6865.19
174.81
7783.36
89.51
175.99
221.23
262.29
116.314
402.49
1754.29
8213.37
109.01
138.88
315.792
61.76
11.76
1192.93
100.13
198.43
756.7295
3676.96
3982.42
4025.66
1114.42
753.75
839.07
1733.3625
3922.42
1280.34
5643.49
405.83
5294.48
423.15
2762.857
1130.806
461.05
9501.624
205.32
807.6
694.17
76.61
257.66
211.4
287.22
1148.0355
2770.79
5301.2
418.44
21.01
3457.99
270.25
1152.63
1483.44
7.56
1710.65
85.62
5441.06
70.45
129.18
1016.26
382.65
3559.613
61
245.82
145.68
155.924
34.23
383.33
7647.97
6861.8545
44.84
1281.1795
710.33
16949.44
1504.01
500.48
163.62
887.98
72.46
470.39
15.04
312.05
545.04
606.91
91.94
377.03
8221.2935
76.85
67.22
112.79
6356.68
193.15
170.82
1609.69
82.09
299.85
63.53
48.05
1158.26
3373.7095
12343.07
812.21
15.61
47.11
3451.85
54.59
597.04
32.31
57.9
562.95
298.52
667.35
285.01
12215.43
138.67
506.84
679.65
412.62
3830.14
1559.86
74.87
3931.318
3206.965
215.76
75.03
294.91
131.65
750.39
18.46
838.4
48.04
130.38
333.68
6654.39
1532.482
283.57
3674.08
1413.89
61.7185
1556.61
645.14
4851.5025
862.64
2123.64
2968.66
208.28
4429.69
63.96
177.23
14.74
117.68
202.89
535.57
452.39
117.13
65.31
73.7
71.24
239.35
1616.66
96.21
237.15
179.22
71.86
6589.304
136.5
250.376
5296.19
230.97
684.66
723.17
324.28
546.01
1786.04
24.77
3832.37
75.68
100.34
163.14
42.66
655.58
2531.35
1465.33
187.18
104.21
1331.224
50.8
750.89
67.73
854.23
47.91
6427.258
5510.23
177.06
22.45
12908.4
477.16
663.24
238.08
174.3
991.36
803.11
17034.92
22.6
918.7395
7765.13
2600.44
1247.8595
3760.3065
318.94
1093.6355
325.58
458.8
267.06
82.98
1610.29
2435.32
4242.76
617.51
278.83
1605.22
357.01
632.05
600.86
17.06
1198.1
276.3
120.52
2269.01
14.4
2893.31
3923.27
2332.5955
461.89
575.11
236.46
197.56
186.02
142.44
967.78
3041.33
92.06
199.62
314.21
1347.63
120.22
66.09
1597.37
1753.958
3232.68
497.4
4965.384
358.4195
4617.336
236.99
3672.89
196.5
89.71
303.1865
1703.8505
187.37
356.09
162.58
6815.23
496.15
566.53
486.43
144.95
9620.82
46.97
131.71
271.06
75.26
1211.72
407.116
58.84
69.06
84.01
592.92
106.1
149
334.29
454.09
20333.816
124.01
1836.84
272.01
171.5
195.61
82.98
197.45
2507.79
1052.68
2536.31
101.2
1697.44
1950.036
265.38
33.41
7157.16
286.06
248.1
112.42
1054.7
5349.21
4859.37
572.4325
116.63
1932.97
476.49
6991.65
832.14
55.97
174.72
2271.37
24.76
30.92
5250.6625
2470.84
322.03
15.26
142.8
241.81
425.67
173.44
3644.596
9539.6
109.86
1426.5125
103.48
662.51
10791.38
61.18
1561.2205
7767.02
1893.93
536.21
4428.56
305.68
1901.29
642.9145
14981.74
26.68
5587.2
401.39
75.23
985.01
350.71
220.45
2504.41
71.45
1785.02
2690.84
62.6
733.55
123.46
38.71
963.45
4390.029
123.06
1692.28
1101.28
1765.45
2245.6915
325.8
2848.83
588.54
835.48
3201.16
1484.49
740.49
569.92
183.65
241.92
52.59
10.62
666.4
351.3
284.38
575.74
586.619
557.52
201.74
1822.13
130.11
337.3395
1398.87
1479.14
173.22
221.06
255.48
165.51
201.83
283.5
242.13
344.24
248.92
1290.37
23.18
979.44
575.36
7922.69
155.51
2046.81
317.06
17.3
128.14
67.46
524.25
14753.08
4326.27
254.93
472.12
192.99
28.81
119.03
11829.4
10.12
455.88
5930.34
10.59
922.39
79.19
469.438
269.02
293.18
1445.6
183.41
3752.61
548.36
44.46
542.11
343.78
826.09
197.41
712.18
627.91
46.89
34.88
1935.17
812.68
271.11
6.13
1032.97
324.83
48.57
54.28
6005.21
3283.74
1272.83
262.32
1707.99
7062.616
560.39
51.94
366.87
292.11
7890.89
2773.84
289.94
1848.52
165.36
1312.65
58.64
136.06
135.21
5007.69
1379.62
627.12
4096.21
2712.07
608.93
883.37
901.32
207.21
2182.91
1144.35
1496.83
218.71
103.68
37.06
302.59
2703.45
23255.61
46.86
1089.59
15.73
4300.626
1041.74
19.98
16147.61
1122.6375
1434.086
2079.474
81.78
23.19
12.01
1846.76
2211.734
1580.57
115.99
255.83
947.66
1033.44
2951.7
25313.34
512.97
130.32
639.19
86.61
1396.58
6448.69
3436.771
21956.03
89.89
64.97
669.01
301.6
7703.9665
62.45
5811.72
23.54
1539.83
1677.27
1556.08
1485.06
1211.18
478.94
2429.09
4520.6
152.96
152.55
225.25
4648.64
404.54
124.89
14567.15
44.56
152.14
37.22
302.09
3286.27
7608.88
136.63
927.82
123.37
3304.38
908.412
551.67
2466.02
135.02
667.998
259.52
1270.03
74
109.23
288.45
112.35
42.77
78.09
279.63
298.97
159.05
142.12
8273.2795
114.57
101.34
1062.2195
1318.34
128.59
4.97
3194.05
88.1
716.99
27.44
4691.27
804.14
551.18
393.59
567.51
277.0745
221.42
580.96
185.19
220.26
843.03
176.34
186.5
9171.71
18.73
18.05
2896.358
22145.37
1056.6435
75.73
1863.02
53.3
2161.36
2494.92
64.86
109.39
294.04
3267.41
26126.92
315.45
60.02
7413.29
2441.1405
1135.24
2136.93
30.89
170.46
2022.65
1561.96
265.92
220.79
755.19
21.71
124.75
1087.58
4273.35
8684.23
291.4
324.75
312.36
2289.92
2784.8295
212.12
2455.54
592.54
3050.81
244.9
876.64
998.05
4353.02
105.07
630.38
1773.86
144.03
17.77
75.57
55.34
108.09
142.18
64.82
77.6
821.18
47.86
1691.51
122.93
543.22
813.9
3607.8505
68.46
885.23
229.35
294.86
190.45
179.99
464.57
2525.9875
4993.42
865.27
1059.3
17.59
308.81
299.01
220.09
1220.23
6152.8
4332.3
1428.64
312.63
441.4
1585.6
429.28
215.85
12837.11
82.03
290.91
6362.94
739.28
5085.907
66.02
15.53
8270.57
1959.92
341.71
41.03
40.79
524.25
151.09
251.45
1609.19
3044.7
18.26
2405
2861.66
3.23
648.26
410.43
373.2775
11481.03
442.76
2684.98
10364.36
376.53
197.36
555.2
212.28
2864.1005
9750.55
1516.82
2752.68
423.24
5677.87
732.72
687.47
598.19
304.26
990.67
1506.8375
1799.6115
835.55
185.83
4097.1445
259.43
150.24
46.37
173.08
3492.6585
453.09
2758.22
102.61
1441.57
416.39
180.56
241.85
182.4
6004.35
627.453
3000.88
6118.38
456.03
2844.64
93.54
296.13
217
173.09
169.27
557.35
490.87
137.54
673.92
540.56
13905.88
1055.98
17599.39
115.34
5016.25
279.4
395.37
337.38
116.55
487.72
816.09
3063.1
229.03
2489.85
240.52
945.03
10261.25
5699.22
22.75
433.31
73.22
22.28
525.77
15152.55
7497.08
1279.45
325.75
455.59
1171.232
723.3075
103.03
78.94
576.89
35.666
4191.5625
312.035
77.43
1315.74
136.42
267.85
184.86
528.5
136.77
46.94
15260.78
540.41
1162.4005
104.94
227.66
84.33
90.56
93.05
154.13
1634.9
11278.18
6717.9325
133.65
525.674
1225.52
1024.29
1348.57
1264.46
158.25
107.93
18824.42
66.41
27.01
157.49
330.21
22.56
82.72
229.51
473
2178.431
1344.88
33.64
248.54
4253.65
62.88
5410.95
6831.72
103.87
33.86
3553.62
92.02
1736.41
176.15
115.43
246.06
83.87
79.42
75.6
1225.41
370.72
6403.39
757.91
409.16
66.43
2674.18
2508.316
1165.33
2325.42
2116.7
10.39
135.928
463.83
17248.09
168.31
4282.725
436.17
241.14
5513.82
79.58
192.8
900.06
88.82
2392.23
1098.149
216.08
339.03
2039.39
2036.97
2629.664
365.22
464.64
394.62
96.68
155.48
56.77
63.91
27.32
643.31
541.95
188.23
448.23
748.83
3229.66
40.85
53.14
127.84
11.15
235.49
8177.07
1187.864
11.08
141.92
475.9
4010.9375
3635.63
157.56
2026.05
1059.72
37.7
3491.71
485.16
112.72
150.34
2364.29
112.57
672.46
541.45
1556.55
647.81
168.9
145.86
1676.48
1480.91
605.77
3644.24
599.2075
268.55
8223.07
3632.6
1733.1
3448.6455
1939.66
115.81
21.56
95.9
162.28
517.91
637.04
64.37
4588.55
259.69
96.71
596.21
2144.924
65.89
9752.25
114.86
994.04
10223.19
312.42
262.54
190.73
2503.86
1332.97
283.13
193.11
158.79
4620.05
3197.003
44.32
298.57
7312.0315
102.18
3501.79
374.67
141.83
3503.12
54.23
152.26
2048.568
4442.049
1212.928
3081.33
1692.56
2360.98
5155.35
182.2
2494.69
159.41
1147.64
90.78
44.74
150.2
38.93
513.08
98.8
89.4
136.29
538.51
123.15
563.18
47.45
16.97
4077.756
445.34
660.99
282.61
808.673
170.7
3780.43
1839.448
1837.15
2035.393
540.22
192.41
4733.88
363.54
3378.18
1443.266
525
279.77
1961.68
154.21
460.43
970.47
1340.93
5287.16
386.71
134.06
9396.41
7937.59
13255.93
1068.7
638.72
157.94
3089.06
20265.22
1209.168
7640.225
24.36
126.74
48.41
4550.06
462.12
1599.54
105.99
512.87
102.59
1695.65
7.01
1116.03
2305.75
80.45
149.51
322.73
942.42
7.96
1548.45
56.07
270.16
2694.01
56.13
1491.5205
13253.93
1102.3
539.6
1290.2065
229.43
211.97
36.06
1849.8
67.49
6.76
2421.02
161.72
107.75
75.73
858.53
29.23
240.24
6742.49
92.02
5785.59
1131.93
3238.143
167.07
6116.11
8719.69
245.4
124.78
123.4
4043.29
870.48
6878.55
124.19
4976.6
5583.27
1756.593
5817.88
20.28
4177.66
7235.83
280.39
400.49
538.14
4956.784
388.13
2339.84
145.15
131.5
7814.59
158.99
1311.25
63.33
1436.55
71.2
1351.78
1560.96
8225.24
1337.19
16.81
51.833
1194.34
797.98
1121.78
5404.18
848.2
430.19
3259.25
6803
238.76
140.37
5921.74
68.16
105.13
10168.23
176.77
717.21
6568.024
1579.028
336.65
8048.45
23949.51
17.43
2976.19
498.68
5208.78
23.44
28.46
31.1185
642.8
4829.4535
136.1
297.85
1296.46
101.77
284.4525
104.7
247.34
305.48
2029.496
122.74
3114.05
105.94
630.14
2813.8485
1624.5965
381.36
11.89
269.3
883.31
364.4
3585.91
8161.93
545.38
3713.0125
1444
676.69
13698.96
925.43
321.63
278.07
328.627
6733.52
4479.16
1314.65
377.83
7725.66
52.43
254.51
268.58
1280.65
231.65
198.44
296.94
729.75
342.85
1072.22
1417.21
1154.9375
109.9
646.14
343.94
12685.544
246.63
94.52
106.69
6126.93
62.48
9172.32
238.77
128.97
257.34
107.41
163.41
507.66
292.95
3212.97
49.18
659.5
1721.641
413.37
59.35
1966.26
1500.84
98.64
11.16
156.2
99.1
380.34
325.33
6449.056
45.21
2175.22
32.77
544.41
197.11
114.17
1701.53
64.79
4324.29
234.24
4357.117
590.32
1298.29
19.34
4245.93
1463.42
1025.88
653.871
43.49
2854.76
114.87
383.23
68.5
145.19
506.73
129.27
8467.68
183.22
2039.082
68.03
1638.67
64.1
29884.6
4846.74
2548.3
5979.84
175.76
420.76
145.66
1676.46
783.96
225.46
602.4205
203.35
44.52
58.9
3642.14
1776.96
2982.5
59.62
57.73
56.26
1961.7915
6168.07
4711.244
1521.1345
1264.13
89.04
297.34
840.552
142.59
849.337
562.15
140.77
848.19
746.93
313.4
1132.54
208.77
28.55
324.52
1770.7
628.33
141.2
83.02
6176.29
2218.891
39.01
1648.33
4768.59
117.77
55.44
179.98
174.62
532.89
60.69
16116.33
5482.18
45.57
473.46
50.35
88.23
29.19
2007.24
384.41
1239.06
4083.19
4902.38
19.96
148.99
70.66
478.27
1494.232
977.92
229.26
754.94
1011.9
1279.25
12570.74
230.29
1394.28
6862.237
418.03
1483.49
336.86
2693.514
391.9
1451.59
1283.68
169.46
1351.653
63
856.15
2026.42
3413.4555
844.09
14729.36
294.13
3170.52
125.41
2488.477
378.84
200.38
128.52
6717.784
59.08
886.363
222.25
388.7135
258.19
1233.22
144.82
6310.69
3702.92
53.99
3854.4
346.2
85.96
475.52
92.94
4621.1
6070.96
41.85
2303.7125
283.82
3441.09
209.61
1979.47
187.8
2823.037
94.55
460.2
45.31
63.91
1909.0065
3412.08
1311.68
238.88
1235.29
1928.327
57.15
44.25
1940.32
155.45
2447.65
1069.64
1143.4285
233.2
245.53
904.12
7667.78
1305.85
2130.31
3668.28
343.26
1849.6
197.1
199.48
3577.81
635.59
1251.4
1009.868
31.36
64.23
332.38
202.42
137.63
614.8
134.86
80.81
11823.52
181.15
13064.06
4771.89
3360.3
306.663
21320.58
32.5
11.25
127.51
3512.9
2004.22
125.79
14591.44
375.52
63.84
3327.84
1141.9
1912.9845
4170.865
3427.31
281.5455
36.26
893.1375
269.2
87.33
1494.27
473.03
126.68
793.85
203.91
38.37
5186.31
46.94
12.95
89.96
930.84
3410.1575
57.22
162
1676.25
29.99
373.13
99.55
8230.77
80.56
6396.2
983.78
20701.928
20.19
74.99
81.97
1756.27
345.58
273.36
3240.728
8058.96
172.54
410.15
5290.57
7685.62
2277.67
3308.28
370.6
4072.01
41.37
71.22
863.26
238.79
135.72
148.26
66.83
255.7
47.12
4480.89
2651.21
106.2
411.75
3.41
122.99
589.63
14734.71
264.92
194.2
16451.33
485.97
109.71
391.12
448.1
34.09
5144.8715
336.84
783.48
4394.78
1501.8
4846.68
32.69
38.88
286.26
196.98
1756.695
1884.208
93.3385
397.17
3.85
547.0005
2379.15
1734.4
1128.03
6767.43
139.66
367.09
509.49
38.58
739.07
25.07
2094.12
181.95
287.43
238.06
103.92
136.16
5062.18
913.99
321.21
952.21
146.72
436.67
1714.02
74.83
124.71
1553.868
43.65
2478.481
1427.14
419.95
344.25
64.77
292.38
290.01
223.59
191.79
4692.26
994.4745
633.91
57.82
544.89
95.09
122.09
150.06
102.99
1429.088
288.56
246.06
41.87
5217.79
16886.76
11.7
6686.344
158.62
1121.84
176.58
206.47
34.29
23516.31
751.77
1892.848
78.2
1947.4265
842.19
2052.83
620.45
167.5
158.79
79.06
4872.6675
140.63
515.23
41.65
6375.28
178.92
1351.43
357.91
351.12
1803.12
110.14
453.89
275.11
102.34
934.9405
21.55
266.16
1000.78
39.49
1317.34
320.57
2013.8
2168.05
1661.8
303.07
2020.58
1533.46
5989.048
69.26
543.72
2896.99
158.91
171.57
2170.305
224.34
262.13
173.12
9261.24
28.98
51.56
165.75
356.27
437.77
514.86
4509.3775
1813.04
4530.96
3116.47
12.41
1324.09
278.68
717.468
2021.147
11764.25
25.17
208.47
45.91
22319.58
330.24
520.65
181.17
13.16
107.88
623.02
42.58
729.83
1083.19
255.74
2592.432
390.11
313.43
342.97
9.4
79.68
786.675
212.57
4577.18
1469.48
4279.24
2665.64
10307.01
44.45
46.36
29.79
19100.45
371.95
4080.3
845.9
260.79
90.35
316.52
155.39
135.23
14357.85
710.86
114.53
7164.7435
1400.1
1325.06
1082.45
101.13
526.45
8581.25
135.99
43.23
3353.54
69.38
78.51
101.47
130.49
1003.06
23.46
861.41
361.98
270.32
965.82
349.65
4814.12
359.65
246.24
78.67
4416.651
1204.0845
2154.34
181.39
846.0815
187.84
240.6
236.878
9312.52
220.47
7928.562
715.8
10941.23
3749
878.75
877.81
1699.52
90.9415
453.87
2232.15
7007.19
460.5895
813.41
4153.06
157.63
225.45
2827.1425
760.85
215.52
10.46
66.55
3982.21
167.53
6995.56
1415.148
6041.01
1234.36
10380.34
389.98
854.9
1042.25
109.29
2257.88
348.92
72.18
172.04
507.18
737.38
151.19
2180.23
123.75
3533.97
3821.4045
1651.07
5010.7415
326.1
170.374
2595.07
801.98
65.78
10.48
323.63
157.49
10134.55
1765.64
19109.61
156.5
157.51
97.78
1199.336
1152.16
19.9
4072.8175
1438.33
625.9485
12.49
409.08
1653.607
248.76
10984.05
1458.83
2447.1075
26.64
88.19
318.28
289.53
322.8
649.46
3397.72
200.41
708.83
1635.29
316.35
194.09
227.5
2292.1015
206.34
13.52
20.25
52.62
449.42
214.19
243.52
198.29
6034.68
228.31
98.46
569.636
314.96
120.15
1058.82
92.07
1266.72
59.58
159.5
236.19
1811.55
49.08
854.14
33.44
6776.92
1640.9
1235.87
46.34
2415.38
231.26
47.28
642.9
987.17
10094.43
179.45
7987.43
2455.276
2443.342
112.12
49.58
465.52
1939.65
19.47
6900.13
28.96
1133.96
2422.4405
1954.796
2312.96
538.27
3665.41
20.95
286.81
1233.4775
1449.21
214.03
941.4
109.43
158.78
249.48
6572.04
1051.992
2711.14
1829.8715
231.21
162.25
28.75
19014.24
385.05
46.44
4252.89
5740.32
548.3
946.27
396.78
769.17
384.9
7370.84
388.71
1515
3413.69
2939.6825
1103.73
86.1
298.11
87.21
50.19
84.09
132.79
232.85
893.29
6483.26
1446.207
2048.78
104.33
3390.51
44.85
1581.23
319.69
19.2
6481.048
5526.16
236.89
68.42
4408.6695
146.68
577.89
9920.85
7484.31
733.36
139.86
198.1
91.43
704.77
1101.76
215.24
654.874
5875.66
570.14
825.63
180.39
926.585
102.04
1617.88
3969.43
2882.707
356.28
54.22
431.11
3231.564
6230.68
1391.816
905.08
368.04
27.34
1323.31
7325.63
3439.39
10.48
109.52
210.94
192.02
2650.77
1134.2
1900.47
683.68
205.52
545.88
4042.96
1262.75
243.37
730.33
54.79
7319.85
707.44
1146.41
100.41
80.29
2628.9225
139
430.13
4917.69
416.8
2101.59
251.51
3.2
424.13
8101.9875
69.4
10692.97
1637.78
193.84
1463.105
1085.4
123.67
355.55
44.99
166.17
1313.811
1286.87
202.11
630.99
19707.2
103.5
135.77
447.25
1387.29
167.66
1424.95
321.5
1350.34
827.83
101.14
139.08
75.28
517.98
4680.89
2414.9945
883.23
917.25
760.801
861.26
189.49
849.51
714.46
434.73
81.56
2088.5
2126.72
3753.72
26.09
587.71
1406.49
650.1395
1531.411
572.74
446.06
744
388.8665
3645.45
279.43
515.22
1078.98
211.42
390.46
113.43
772.42
221.4675
57.24
211.86
355.03
260.13
741.57
10.39
14665.15
324.97
451.52
2753.07
938.37
247.21
737.25
692.15
143.85
112.6
541.47
93.73
597.44
5138.335
132.23
2403.137
223.499
152.6
1541.781
108.15
857.11
69.6
1279.505
191.14
216.95
88.38
182.86
137.84
440.6
19
109.9
315.29
320.42
266.64
306.77
1529.3115
381.79
260.77
2445.212
1032.0275
21046.74
8289.51
1384.34
362.76
28.39
6277.75
360.24
685.7
1024.165
18.91
201.72
1678.34
56.41
147.71
139.61
42.22
2174.419
65.91
72.72
15
138.95
5678.5525
4475
168.2
609.97
264.78
653.44
825.8
4273.95
5264.48
1873.349
24639.8
921.3
512.33
1267.4605
16313.51
337.38
245.96
178.7
2437.67
4648.52
3537.84
2221.2
9362.73
125.33
1219.2485
148.12
634.38
1014.87
5196.19
50.47
4046.25
430.41
21.07
160.52
3849.8
235.15
4203.88
221.05
173.78
35.51
41.18
744.64
18.97
128.12
214.23
165.62
214.19
2484.7455
329.03
20.19
7666.04
126.57
1406.15
1105.66
1187.55
827.27
59.99
10656.26
17.06
91.15
171.48
162.1545
54.43
124.94
78.46
78.93
920
3563.88
104.2
2531.66
5382.3105
199.11
19224.92
778.62
869.78
2503.008
298.3
122.23
3338.98
608.33
1289.127
1546.8
176.5
3457.56
1124.3
43.57
2610.894
110.15
3335.27
8374.132
5149.06
3630.146
73.36
155.8
2213.92
118.06
228.46
77.61
1137.62
953.0455
1444.96
941.6215
95.71
21555.6
185.61
10.96
226.65
347.84
212.91
1275.61
5972.59
60.68
1129.055
210.24
1358.776
372.09
1239.4445
1098.506
116.22
292.75
1191.73
192.78
321.02
42.29
4091.152
862.64
23775.56
6093.242
337.01
160.27
196.1
87.09
11.08
2438.7
299.11
268.7105
28389.14
477.53
21.93
142.3
26095.13
75.58
7789.63
4601.02
15703.82
140.69
5177.4
243.06
141.96
239.4
21.32
457.51
589.78
159.256
89.89
628.73
385.81
271.34
1488.86
1050.16
344.57
4815.862
1057.06
2251.56
95.26
447.33
1120.86
11.51
6668.856
8407.08
2546.5235
341.39
153.98
11.64
79.04
1457.712
104.82
9.7
378.9
264.05
447.12
1633.37
14.61
665.7625
140.59
157.99
141.59
34.88
217.69
95.43
125.27
10994.74
135.38
1313.64
4524.907
283.18
951.31
1210.72
24.16
3389.93
270.84
56.05
224.09
93.26
437.87
2387.61
1921.1275
2197.4115
423.04
366.84
21366.51
320.04
88.57
73.97
384.2
92.24
31.14
30.17
1158.601
148.8
1477.63
19.46
1131.15
170.02
55.82
452.28
246.2
6366.52
55.66
119.9
205.88
266.27
38.44
99.94
18.7
167.23
3659.66
53.46
31.01
446.46
17129.97
24105.87
881.65
584.511
639.71
525.555
276.029
187.204
193.79
56.73
331.83
157.03
304.52
132.86
55.77
2181.44
78.81
790.63
183.45
180.46
174.64
1252.89
63.84
994.228
1239.81
273.32
146.25
262.76
104.39
1281.358
32.51
570.51
896.49
47.79
107.12
3668.6
676.24
160.68
1685.941
229.88
2896.14
86.38
852.75
172.33
267.53
1065.26
152.84
531.063
991.01
1267.42
40.34
14346.73
3951.6755
314
155.54
1133.4495
203.49
5638.798
1071.77
8635.61
833
63.96
271.14
1711.02
408.23
466.28
260.51
477.39
552.08
711.875
129.77
38.37
467.15
2976.21
1150.3
1894.1655
60.17
68.5
1556.42
305.01
3583.52
2085.93
277.58
4887.14
7195.2585
266.36
305.96
11336.37
354.13
751.94
50.99
293.27
189.22
151.86
3583.87
4951.36
910.98
48.84
446.05
616.39
1838.19
984.6315
134.33
70.32
1768.13
147.05
1201.51
621.93
26.82
223.74
121.09
33.54
188.77
21141.07
76.8655
412.37
240.49
322.46
836.59
891.6075
58.14
631.99
231.06
1665.81
107.86
305.6
447.0405
112.81
277.08
174.11
18.02
271.14
413.8
108.11
86.64
131.12
29.12
307.37
1749.07
37.9
118.51
2055.98
2317.65
336.25
4987.73
3301.33
126.95
3329.27
126.95
2612.89
1146.992
199.24
504.6705
1338.12
242.46
4001.4685
8767.62
607.77
954.57
1582.47
6.93
2808.08
160.2335
1761.4
43.29
41.7
199.76
21134.71
3872.87
102.95
356.72
158.7
62.54
2750.107
1463.0965
246.3
3064.27
475.72
123.91
2841.4395
65.81
152.44
123.85
55.38
14451.75
226.83
278.92
448.07
38.29
17274.87
21752.01
2564.45
1079.19
19.05
1141.37
522.62
1449.301
30.95
286.9
46.4
72.0035
17279.62
120.3
822.3495
89.41
53.55
1527.42
79.64
123.16
165.04
3633.03
1222.59
2912.015
81.9
74.02
1276.17
569.61
823.13
1244.19
75.06
225.13
121.73
2072.12
151.19
226.882
28.59
398.86
109.18
65.85
181.5
207.55
194.174
49.23
657.94
1270.73
243.05
1768.969
210.06
24233.54
6325.65
380.62
763.85
1158.45
12.59
186.79
31.18
21.99
438.07
116.37
2339.64
519.96
2951.438
50.19
2568.71
5793.46
4361.6985
4558.21
184.35
10281.79
6637.63
928.9055
281.17
194.65
2022.18
351.06
42.27
154.45
455.08
239.49
1819.153
816.11
6785.86
127.16
2580.67
955.46
121.26
3236.8
1383.2
6133.18
1793.24
143.667
25.27
14410.78
15341.46
507.5605
128.13
441.8045
835.11
54.52
10.17
2632.4755
23.58
1272.35
4000.35
3356.92
1823.02
74.02
2252.976
13070.2
495.32
2483.53
967.41
170.81
27720.98
520.13
926.65
20.21
143.1
795.52
126.36
496.62
43.29
337.2035
17448.75
4726.595
77.01
111.83
6552.9
209.63
1996.16
1991.8985
316.99
226.41
10462.54
539.82
1029.8855
299.94
2799.7
3780.16
149.31
53.01
44.64
1289.62
313.52
2587.53
312.26
4152.55
894.51
164.02
136.81
1784.048
4701.69
109.87
816.65
17605.77
55.68
14588.28
2675.08
280.45
22.85
481.23
265.39
1482.01
56.5
18888
388.9
172.01
2268.91
2337.89
314.34
113.33
603.69
10318.72
346.57
91.75
82.93
323.96
175.8565
189.04
1333.19
3232.1335
685.7205
6688.66
247.45
129.9
1587.59
5964.19
109.2
234.09
57.96
1418.956
284
269.14
214.94
88.24
4878.64
2288.642
17965.45
173.47
82.43
295.97
2832.88
9248.74
98.88
255.65
113.98
88.94
2193.93
812.498
4657.6515
2700.78
94.5
168.99
2045.066
26.41
322.82
4233.15
54.61
25.84
129.53
1767.47
2164.07
21.03
1836.06
1276.73
754.92
61.02
878.77
22.89
271.85
12719.7
109.78
561.66
1851.62
2453.3
507.64
147.02
1558.9425
257.39
163.54
2390.54
4644.87
38.96
978.4
5126.418
82.12
301.36
12007.05
5347.9875
322.47
1488.66
2200.64
1041.66
10071.09
1294.04
392.57
823.78
2039.56
114.28
469.8375
2026.01
1889.04
7002.08
91.43
27.99
21.07
102.46
1097.6
21.64
128
252.66
12175.82
44.1
86.85
132.31
178.51
31.32
1538.8655
99.11
286.07
733.92
2475.08
1610.42
5620.2
1382.31
101.21
991.36
1410.44
268.18
477.054
738.69
1015.4
184.09
1646.05
7807.45
261
2781.82
1585.64
127.56
144.06
902.024
3205.24
339.27
702.79
712.64
239.86
1269.79
1529.014
336.84
176.26
1120.27
5677.609
1222.68
390.2
29.41
892.38
1449.3
4374.6865
4283.235
1874.37
1476.39
863.583
4655.07
49.55
606.56
715.4
113.75
3081.95
133.23
1406.64
3197.45
78.57
5403.75
192.49
10087.6
6408.3
2323.36
136.41
761.23
187.16
176.1
3872.38
44.05
671.03
3800.4
13.3
1608.08
3379.01
687.52
4538.66
3816.59
194.29
195.49
47.93
168.55
77.03
939.39
12.18
279.33
365.93
12.2
170.42
431.29
294.26
549.92
182.09
285.08
27875.54
2030.44
695.99
820.52
477.5045
777.63
1500.17
377.31
204.49
5572.92
3977.97
3116.7715
986.272
201.37
6250.936
939.77
187.28
763.6485
12457.63
32.35
116.56
117.062
72.08
1265.293
10338.93
15897.01
854.88
2722.85
59.93
851.52
919
453.2455
6276.83
122.51
2846.361
71.04
2232.66
177.88
80.27
139.59
253.15
83.02
10278.79
53.14
295.37
50.69
1865.94
784.72
2343.076
228.41
308.54
627.64
67.45
199.94
1282.49
346.42
773.44
5067.5725
881.84
2245.78
9418.14
1090.6
400.57
1811.3
4095.76
482.37
7036.11
2354.8
187.88
20872.16
152.28
125.54
228.01
1170.025
57.5
604.38
2404.599
132.36
1498.46
985.29
323.53
65.7475
118.36
80.26
29.31
5188.86
398.76
67.58
48.77
159.24
26.5
2634.8555
281
4064.05
3213.87
14.68
68.45
10145.14
1326.09
339.81
339.49
1187.12
108.31
2051.016
106.78
79.37
218.12
118.38
253.89
1556.87
1519.9
9235.97
195.98
274.38
17.72
65.61
309.62
4901.99
4305.79
1991.703
2932.99
9194.8
2285.12
355.69
102.24
297.05
108.26
67.35
1472.31
857.42
2.24
446.72
1580.6005
16002.29
182.26
3565.27
241.01
965.69
209.02
729.92
2593.08
2529.396
441.43
1341.963
2145.6975
1712.66
310.31
246.98
233.39
397.84
135.31
181.66
1194.96
184.331
1223.3795
128.69
686.27
242.63
4729.85
4852.05
73.07
70.33
677.518
302.05
66.12
109.86
12979.1
2052.82
1905.79
68.88
110.79
